45 45 1.0000
46 46 1.0000
47 47 1.0000
48 48 1.0000
49 49 1.0000
50 50 1.0000
51 51 1.0000
52 52 1.0000
53 53 1.0000
54 54 1.0000
55 55 1.0000
56 56 1.0000
57 57 1.0000
58 58 1.0000
59 59 1.0000
60 60 1.0000
61 61 1.0000
62 62 1.0000
63 63 1.0000
64 64 1.0000
65 65 1.0000
66 66 1.0000
67 67 1.0000
68 68 1.0000
69 69 1.0000
70 70 1.0000
71 71 1.0000
72 72 1.0000
73 73 1.0000
74 74 1.0000
75 75 1.0000
76 76 1.0000
77 77 1.0000
78 78 1.0000
79 79 1.0000
80 80 1.0000
81 81 1.0000
82 82 1.0000
83 83 1.0000
84 84 1.0000
85 85 1.0000
86 86 1.0000
87 87 1.0000
88 88 1.0000
89 89 1.0000
90 90 1.0000
91 91 1.0000
92 92 1.0000
93 93 1.0000
94 94 1.0000
95 95 1.0000
96 96 1.0000
97 97 1.0000
98 98 1.0000
99 99 1.0000
100 100 1.0000
101 101 1.0000
102 102 1.0000
103 103 1.0000
104 104 1.0000
105 105 1.0000
106 106 1.0000
107 107 1.0000
108 108 1.0000
109 109 1.0000
110 110 1.0000
111 111 1.0000
112 112 1.0000
113 113 1.0000
114 114 1.0000
115 115 1.0000
116 116 1.0000
117 117 1.0000
118 118 1.0000
119 119 1.0000
120 120 1.0000
121 121 1.0000
122 122 1.0000
123 123 1.0000
124 124 1.0000
125 125 1.0000
126 126 1.0000
127 127 1.0000
128 128 1.0000
129 129 1.0000
130 130 1.0000
131 131 1.0000
132 132 1.0000
133 133 1.0000
134 134 1.0000
135 135 1.0000
136 136 1.0124
137 137 1.0247
138 138 1.0368
139 139 1.0487
140 140 1.0605
141 141 1.0720
142 142 1.0832
143 143 1.0942
144 144 1.1050
145 145 1.1154
146 146 1.1255
147 147 1.1353
148 148 1.1448
149 149 1.1540
150 150 1.1627
151 151 1.1712
152 152 1.1792
153 153 1.1868
154 154 1.1941
155 155 1.2010
156 156 1.2075
157 157 1.2135
158 158 1.2192
159 159 1.2245
160 160 1.2294
161 161 1.2338
162 162 1.2379
163 163 1.2416
164 164 1.2449
165 165 1.2478
166 166 1.2503
167 167 1.2525
168 168 1.2543
169 169 1.2557
170 170 1.2568
171 171 1.2576
172 172 1.2580
173 173 1.2582
174 174 1.2580
175 175 1.2576
176 176 1.2569
177 177 1.2559
178 178 1.2547
179 179 1.2532
180 180 1.2516
181 181 1.2497
182 182 1.2477
183 183 1.2455
184 184 1.2431
185 185 1.2406
186 186 1.2380
187 187 1.2353
188 188 1.2325
189 189 1.2296
190 190 1.2267
191 191 1.2237
192 192 1.2208
193 193 1.2178
194 194 1.2148
195 195 1.2118
196 196 1.2089
197 197 1.2061
198 198 1.2033
199 199 1.2006
200 200 1.1980
201 201 1.1955
202 202 1.1931
203 203 1.1909
204 204 1.1889
205 205 1.1870
206 206 1.1853
207 207 1.1838
208 208 1.1825
209 209 1.1814
210 210 1.1805
211 211 1.1799
212 212 1.1795
213 213 1.1794
214 214 1.1796
215 215 1.1800
216 216 1.1807
217 217 1.1816
218 218 1.1829
219 219 1.1845
220 220 1.1863
221 221 1.1885
222 222 1.1910
223 223 1.1937
224 224 1.1968
225 225 1.2002
226 226 1.2039
227 227 1.2079
228 228 1.2122
229 229 1.2168
230 230 1.2217
231 231 1.2268
232 232 1.2323
233 233 1.2380
234 234 1.2440
235 235 1.2503
236 236 1.2568
237 237 1.2635
238 238 1.2704
239 239 1.2776
240 240 1.2850
241 241 1.2925
242 242 1.3002
243 243 1.3081
244 244 1.3161
245 245 1.3242
246 246 1.3325
247 247 1.3408
248 248 1.3492
249 249 1.3576
250 250 1.3661
251 251 1.3746
252 252 1.3831
253 253 1.3916
254 254 1.4000
255 255 1.4084
256 256 1.4167
257 257 1.4248
258 258 1.4329
259 259 1.4409
260 260 1.4487
261 261 1.4563
262 262 1.4638
263 263 1.4711
264 264 1.4781
265 265 1.4849
266 266 1.4915
267 267 1.4979
268 268 1.5040
269 269 1.5098
270 270 1.5154
271 271 1.5207
272 272 1.5257
273 273 1.5304
274 274 1.5348
275 275 1.5389
276 276 1.5428
277 277 1.5463
278 278 1.5495
279 279 1.5525
280 280 1.5552
281 281 1.5576
282 282 1.5597
283 283 1.5616
284 284 1.5632
285 285 1.5646
286 286 1.5658
287 287 1.5667
288 288 1.5675
289 289 1.5681
290 290 1.5686
291 291 1.5689
292 292 1.5691
293 293 1.5692
294 294 1.5692
295 295 1.5692
296 296 1.5691
297 297 1.5690
298 298 1.5690
299 299 1.5690
300 300 1.5690
301 301 1.5692
302 302 1.5694
303 303 1.5698
304 304 1.5704
305 305 1.5711
306 306 1.5721
307 307 1.5733
308 308 1.5747
309 309 1.5764
310 310 1.5785
311 311 1.5808
312 312 1.5835
313 313 1.5865
314 314 1.5899
315 315 1.5936
316 316 1.5978
317 317 1.6024
318 318 1.6074
319 319 1.6129
320 320 1.6188
321 321 1.6251
322 322 1.6319
323 323 1.6392
324 324 1.6470
325 325 1.6551
326 326 1.6638
327 327 1.6729
328 328 1.6825
329 329 1.6925
330 330 1.7030
331 331 1.7139
332 332 1.7253
333 333 1.7370
334 334 1.7492
335 335 1.7617
336 336 1.7747
337 337 1.7879
338 338 1.8016
339 339 1.8155
340 340 1.8297
341 341 1.8443
342 342 1.8590
343 343 1.8741
344 344 1.8893
345 345 1.9048
346 346 1.9204
347 347 1.9362
348 348 1.9522
349 349 1.9682
350 350 1.9844
351 351 2.0006
352 352 2.0169
353 353 2.0333
354 354 2.0497
355 355 2.0661
356 356 2.0826
357 357 2.0990
358 358 2.1155
359 359 1.6202
360 360 1.6202
361 361 1.6202
362 362 1.6202
363 363 1.6202
364 364 1.6202
365 365 1.6202
366 366 1.6202
367 367 1.6202
368 368 1.6202
369 369 1.6202
370 370 1.6202
371 371 1.6202
372 372 1.6202
373 373 1.6202
374 374 1.6202
375 375 1.6202
376 376 1.6202
377 377 1.6202
378 378 1.6202
379 379 1.6202
380 380 1.6202
381 381 1.6202
382 382 1.6202
383 383 1.6202
384 384 1.6202
385 385 1.6202
386 386 1.6202
387 387 1.6202
388 388 1.6202
389 389 1.6202
390 390 1.6202
391 391 1.6202
392 392 1.6202
393 393 1.6202
394 394 1.6202
395 395 1.6202
396 396 1.6202
397 397 1.6202
398 398 1.6202
399 399 1.6202
400 400 1.6202
401 401 1.6202
402 402 1.6202
403 403 1.6202
404 404 1.6202
405 405 1.6202
406 406 1.6202
407 407 1.6202
408 408 1.6202
409 409 1.6202
410 410 1.6202
411 411 1.6202
412 412 1.6202
413 413 1.6202
414 414 1.6202
415 415 1.6202
416 416 1.6202
417 417 1.6202
418 418 1.6202
419 419 1.6202
420 420 1.6202
421 421 1.6202
422 422 1.6202
423 423 1.6202
424 424 1.6202
425 425 1.6202
426 426 1.6202
427 427 1.6202
428 428 1.6202
429 429 1.6202
430 430 1.6202
431 431 1.6202
432 432 1.6202
433 433 1.6202
434 434 1.6202
435 435 1.6202
436 436 1.6202
437 437 1.6202
438 438 1.6202
439 439 1.6202
440 440 1.6202
441 441 1.6202
442 442 1.6202
443 443 1.6202
444 444 1.6202
445 445 1.6202
446 446 1.6202
447 447 1.6202
448 448 1.6202
449 449 1.6202
450 450 1.6202
451 451 1.6202
452 452 1.8946
453 453 1.8946
454 454 2.1143
455 455 2.2740
456 456 1.6750
457 457 1.6202
458 458 1.6202
459 459 1.6202
460 460 1.6202
461 461 1.6202
462 462 1.6202
463 463 1.6202
464 464 1.6202
465 465 1.6202
466 466 1.6202
467 467 1.6202
468 468 1.6202
469 469 1.6202
470 470 1.6202
471 471 1.6202
472 472 1.6202
473 473 1.6202
474 474 1.6202
475 475 1.6202
476 476 1.6202
477 477 1.6202
478 478 1.6202
479 479 1.6202
480 480 1.6202
481 481 1.6202
482 482 1.6202
483 483 1.6202
484 484 1.6202
485 485 1.6202
486 486 1.6202
487 487 1.6202
488 488 1.6202
489 489 1.6202
490 490 1.6202
491 491 1.6202
492 492 1.6202
493 493 1.6202
494 494 1.6202
495 495 1.6202
496 496 1.6202
497 497 1.6202
498 498 1.6202
499 499 1.8581
500 500 1.8700
501 501 1.8817
502 502 1.8931
503 503 1.9042
504 504 1.9149
505 505 1.9253
506 506 1.9352
507 507 1.9447
508 508 1.9537
509 509 1.9622
510 510 1.9703
511 511 1.9778
512 512 1.9848
513 513 1.9913
514 514 1.9974
515 515 2.0030
516 516 2.0081
517 517 2.0127
518 518 2.0170
519 519 2.0208
520 520 2.0243
521 521 2.0275
522 522 2.0304
523 523 2.0331
524 524 2.0355
525 525 2.0378
526 526 2.0399
527 527 2.0420
528 528 2.0440
529 529 2.0461
530 530 2.0482
531 531 2.0503
532 532 2.0526
533 533 2.0551
534 534 2.0577
535 535 2.0606
536 536 2.0637
537 537 2.0671
538 538 2.0708
539 539 2.0748
540 540 2.0791
541 541 2.0837
542 542 2.0887
543 543 2.0940
544 544 2.0997
545 545 2.1057
546 546 2.1120
547 547 2.1186
548 548 2.1256
549 549 2.1327
550 550 2.1402
551 551 2.1478
552 552 2.1557
553 553 2.1638
554 554 2.1720
555 555 2.1803
556 556 2.1887
557 557 2.1972
558 558 2.2058
559 559 2.2144
560 560 2.2230
561 561 2.2316
562 562 2.2382
563 563 2.2382
564 564 2.2382
565 565 2.2382
566 566 2.2382
567 567 2.2382
568 568 2.2382
569 569 2.2382
570 570 2.2382
571 571 2.2382
572 572 2.2382
573 573 2.2382
574 574 2.2382
575 575 2.2382
576 576 2.2382
577 577 2.2382
578 578 2.2382
579 579 2.2382
580 580 2.2382
581 581 2.2382
582 582 2.2382
583 583 2.2382
584 584 2.2382
585 585 2.2382
586 586 2.2382
587 587 2.2382
588 588 2.2382
589 589 2.2382
590 590 2.2382
591 591 2.2382
592 592 2.2382
593 593 2.2382
594 594 2.2382
595 595 2.2382
596 596 2.2382
597 597 2.2382
598 598 2.2382
599 599 2.2382
600 600 2.2382
601 601 2.2382
602 602 2.2382
603 603 2.2382
604 604 2.2382
605 605 2.2382
606 606 2.2382
607 607 2.2382
608 608 2.2382
609 609 2.2382
610 610 2.2382
611 611 2.2382
612 612 2.2382
613 613 2.2382
614 614 2.2382
615 615 2.2382
616 616 2.2382
617 617 2.2382
618 618 2.2382
619 619 2.2382
620 620 2.2382
621 621 2.2382
622 622 2.2382
623 623 2.2382
624 624 2.2382
625 625 2.2382
626 626 2.2382
627 627 2.2382
628 628 2.2382
629 629 2.2382
630 630 2.2382
631 631 2.2382
632 632 2.2382
633 633 2.2382
634 634 2.2382
635 635 2.2382
636 636 2.2382
637 637 2.2382
638 638 2.2382
639 639 2.2382
640 640 2.2382
641 641 2.2382
642 642 2.2382
643 643 2.2382
644 644 2.2382
645 645 2.2382
646 646 2.2382
647 647 2.2382
648 648 2.2382
649 649 2.2382
650 650 2.2382
651 651 2.2382
652 652 2.2382
653 653 2.2382
654 654 2.2382
655 655 2.2382
656 656 2.2382
657 657 2.2382
658 658 2.2382
659 659 2.2382
660 660 2.2382
661 661 2.2382
662 662 2.2382
663 663 2.2382
664 664 2.2382
665 665 2.2382
666 666 2.2382
667 667 2.2382
668 668 2.2382
669 669 2.2382
670 670 2.2382
671 671 2.2382
672 672 2.2382
673 673 2.2382
674 674 2.2382
675 675 2.2382
676 676 2.2382
677 677 2.2382
678 678 2.2382
679 679 2.2382
680 680 2.2382
681 681 2.2382
682 682 2.2382
683 683 2.2382
684 684 2.2382
685 685 2.2382
686 686 2.2382
687 687 2.2382
688 688 2.2382
689 689 2.2382
690 690 2.2382
691 691 2.2382
692 692 2.2382
693 693 2.2382
694 694 2.2382
695 695 2.2382
696 696 2.2382
697 697 2.2382
698 698 2.2382
699 699 2.2382
700 700 2.2382
701 701 2.2382
702 702 2.2382
703 703 2.2382
704 704 2.2382
705 705 2.2382
706 706 2.2382
707 707 2.2382
708 708 2.2382
709 709 2.2382
710 710 2.2382
711 711 2.2382
712 712 2.2382
713 713 2.2382
714 714 2.2382
715 715 2.2382
716 716 2.2382
717 717 1.1191
718 718 1.1191
719 719 1.1191
720 720 1.1191
721 721 1.1191
722 722 1.1191
723 723 1.1191
724 724 1.1191
725 725 1.1191
726 726 1.1191
727 727 1.1191
728 728 1.1191
729 729 1.1191
730 730 1.1191
