45 45 1.0000
46 46 1.0000
47 47 1.0000
48 48 1.0000
49 49 1.0000
50 50 1.0000
51 51 1.0000
52 52 1.0000
53 53 1.0000
54 54 1.0000
55 55 1.0000
56 56 1.0000
57 57 1.0000
58 58 1.0000
59 59 1.0000
60 60 1.0000
61 61 1.0000
62 62 1.0000
63 63 1.0000
64 64 1.0000
65 65 1.0000
66 66 1.0000
67 67 1.0000
68 68 1.0000
69 69 1.0000
70 70 1.0000
71 71 1.0000
72 72 1.0000
73 73 1.0000
74 74 1.0000
75 75 1.0000
76 76 1.0000
77 77 1.0000
78 78 1.0000
79 79 1.0000
80 80 1.0000
81 81 1.0000
82 82 1.0000
83 83 1.0000
84 84 1.0000
85 85 1.0000
86 86 1.0000
87 87 1.0000
88 88 1.0000
89 89 1.0000
90 90 1.0000
91 91 1.0000
92 92 1.0000
93 93 1.0000
94 94 1.0000
95 95 1.0000
96 96 1.0000
97 97 1.0000
98 98 1.0000
99 99 1.0000
100 100 1.0000
101 101 1.0000
102 102 1.0000
103 103 1.0000
104 104 1.0000
105 105 1.0000
106 106 1.0000
107 107 1.0000
108 108 1.0000
109 109 1.0000
110 110 1.0000
111 111 1.0000
112 112 1.0000
113 113 1.0000
114 114 1.0000
115 115 1.0000
116 116 1.0000
117 117 1.0000
118 118 1.0000
119 119 1.0000
120 120 1.0000
121 121 1.0000
122 122 1.0000
123 123 1.0000
124 124 1.0000
125 125 1.0000
126 126 1.0000
127 127 1.0000
128 128 1.0000
129 129 1.0000
130 130 1.0000
131 131 1.0000
132 132 1.0000
133 133 1.0000
134 134 1.0000
135 135 1.0000
136 136 1.0101
137 137 1.0201
138 138 1.0300
139 139 1.0397
140 140 1.0493
141 141 1.0587
142 142 1.0678
143 143 1.0768
144 144 1.0856
145 145 1.0941
146 146 1.1023
147 147 1.1103
148 148 1.1180
149 149 1.1255
150 150 1.1327
151 151 1.1395
152 152 1.1461
153 153 1.1523
154 154 1.1582
155 155 1.1638
156 156 1.1691
157 157 1.1741
158 158 1.1787
159 159 1.1830
160 160 1.1870
161 161 1.1906
162 162 1.1939
163 163 1.1969
164 164 1.1996
165 165 1.2020
166 166 1.2040
167 167 1.2058
168 168 1.2073
169 169 1.2084
170 170 1.2093
171 171 1.2100
172 172 1.2103
173 173 1.2104
174 174 1.2103
175 175 1.2099
176 176 1.2094
177 177 1.2086
178 178 1.2076
179 179 1.2064
180 180 1.2051
181 181 1.2035
182 182 1.2019
183 183 1.2001
184 184 1.1982
185 185 1.1961
186 186 1.1940
187 187 1.1918
188 188 1.1895
189 189 1.1872
190 190 1.1848
191 191 1.1824
192 192 1.1799
193 193 1.1775
194 194 1.1751
195 195 1.1727
196 196 1.1703
197 197 1.1680
198 198 1.1657
199 199 1.1635
200 200 1.1614
201 201 1.1594
202 202 1.1574
203 203 1.1556
204 204 1.1540
205 205 1.1524
206 206 1.1510
207 207 1.1498
208 208 1.1487
209 209 1.1479
210 210 1.1472
211 211 1.1467
212 212 1.1463
213 213 1.1462
214 214 1.1464
215 215 1.1467
216 216 1.1473
217 217 1.1481
218 218 1.1491
219 219 1.1504
220 220 1.1519
221 221 1.1537
222 222 1.1557
223 223 1.1579
224 224 1.1604
225 225 1.1632
226 226 1.1662
227 227 1.1695
228 228 1.1730
229 229 1.1767
230 230 1.1807
231 231 1.1849
232 232 1.1894
233 233 1.1940
234 234 1.1989
235 235 1.2040
236 236 1.2093
237 237 1.2148
238 238 1.2204
239 239 1.2263
240 240 1.2323
241 241 1.2384
242 242 1.2447
243 243 1.2511
244 244 1.2577
245 245 1.2643
246 246 1.2710
247 247 1.2778
248 248 1.2846
249 249 1.2915
250 250 1.2984
251 251 1.3054
252 252 1.3123
253 253 1.3192
254 254 1.3260
255 255 1.3329
256 256 1.3396
257 257 1.3463
258 258 1.3529
259 259 1.3594
260 260 1.3657
261 261 1.3720
262 262 1.3780
263 263 1.3840
264 264 1.3897
265 265 1.3953
266 266 1.4007
267 267 1.4059
268 268 1.4108
269 269 1.4156
270 270 1.4201
271 271 1.4244
272 272 1.4285
273 273 1.4323
274 274 1.4359
275 275 1.4393
276 276 1.4424
277 277 1.4453
278 278 1.4479
279 279 1.4504
280 280 1.4525
281 281 1.4545
282 282 1.4562
283 283 1.4578
284 284 1.4591
285 285 1.4602
286 286 1.4612
287 287 1.4620
288 288 1.4626
289 289 1.4631
290 290 1.4635
291 291 1.4637
292 292 1.4639
293 293 1.4639
294 294 1.4640
295 295 1.4639
296 296 1.4639
297 297 1.4638
298 298 1.4638
299 299 1.4638
300 300 1.4638
301 301 1.4639
302 302 1.4642
303 303 1.4645
304 304 1.4649
305 305 1.4655
306 306 1.4663
307 307 1.4673
308 308 1.4685
309 309 1.4699
310 310 1.4715
311 311 1.4734
312 312 1.4756
313 313 1.4780
314 314 1.4808
315 315 1.4839
316 316 1.4873
317 317 1.4910
318 318 1.4951
319 319 1.4996
320 320 1.5044
321 321 1.5096
322 322 1.5151
323 323 1.5210
324 324 1.5273
325 325 1.5340
326 326 1.5411
327 327 1.5485
328 328 1.5563
329 329 1.5645
330 330 1.5731
331 331 1.5819
332 332 1.5912
333 333 1.6008
334 334 1.6107
335 335 1.6209
336 336 1.6314
337 337 1.6423
338 338 1.6534
339 339 1.6647
340 340 1.6763
341 341 1.6882
342 342 1.7002
343 343 1.7125
344 344 1.7249
345 345 1.7375
346 346 1.7503
347 347 1.7631
348 348 1.7761
349 349 1.7892
350 350 1.8024
351 351 1.8156
352 352 1.8289
353 353 1.8423
354 354 1.8556
355 355 1.8690
356 356 1.8824
357 357 1.8959
358 358 1.9093
359 359 1.5056
360 360 1.5056
361 361 1.5056
362 362 1.5056
363 363 1.5056
364 364 1.5056
365 365 1.5056
366 366 1.5056
367 367 1.5056
368 368 1.5056
369 369 1.5056
370 370 1.5056
371 371 1.5056
372 372 1.5056
373 373 1.5056
374 374 1.5056
375 375 1.5056
376 376 1.5056
377 377 1.5056
378 378 1.5056
379 379 1.5056
380 380 1.5056
381 381 1.5056
382 382 1.5056
383 383 1.5056
384 384 1.5056
385 385 1.5056
386 386 1.5056
387 387 1.5056
388 388 1.5056
389 389 1.5056
390 390 1.5056
391 391 1.5056
392 392 1.5056
393 393 1.5056
394 394 1.5056
395 395 1.5056
396 396 1.5056
397 397 1.5056
398 398 1.5056
399 399 1.5056
400 400 1.5056
401 401 1.5056
402 402 1.5056
403 403 1.5056
404 404 1.5056
405 405 1.5056
406 406 1.5056
407 407 1.5056
408 408 1.5056
409 409 1.5056
410 410 1.5056
411 411 1.5056
412 412 1.5056
413 413 1.5056
414 414 1.5056
415 415 1.5056
416 416 1.5056
417 417 1.5056
418 418 1.5056
419 419 1.5056
420 420 1.5056
421 421 1.5056
422 422 1.5056
423 423 1.5056
424 424 1.5056
425 425 1.5056
426 426 1.5056
427 427 1.5056
428 428 1.5056
429 429 1.5056
430 430 1.5056
431 431 1.5056
432 432 1.5056
433 433 1.5056
434 434 1.5056
435 435 1.5056
436 436 1.5056
437 437 1.5056
438 438 1.5056
439 439 1.5056
440 440 1.5056
441 441 1.5056
442 442 1.5056
443 443 1.5056
444 444 1.5056
445 445 1.5056
446 446 1.5056
447 447 1.5056
448 448 1.5056
449 449 1.5056
450 450 1.5056
451 451 1.5056
452 452 1.7292
453 453 1.7292
454 454 1.9083
455 455 2.0385
456 456 1.5502
457 457 1.5056
458 458 1.5056
459 459 1.5056
460 460 1.5056
461 461 1.5056
462 462 1.5056
463 463 1.5056
464 464 1.5056
465 465 1.5056
466 466 1.5056
467 467 1.5056
468 468 1.5056
469 469 1.5056
470 470 1.5056
471 471 1.5056
472 472 1.5056
473 473 1.5056
474 474 1.5056
475 475 1.5056
476 476 1.5056
477 477 1.5056
478 478 1.5056
479 479 1.5056
480 480 1.5056
481 481 1.5056
482 482 1.5056
483 483 1.5056
484 484 1.5056
485 485 1.5056
486 486 1.5056
487 487 1.5056
488 488 1.5056
489 489 1.5056
490 490 1.5056
491 491 1.5056
492 492 1.5056
493 493 1.5056
494 494 1.5056
495 495 1.5056
496 496 1.5056
497 497 1.5056
498 498 1.5056
499 499 1.6994
500 500 1.7091
501 501 1.7187
502 502 1.7280
503 503 1.7370
504 504 1.7458
505 505 1.7542
506 506 1.7623
507 507 1.7700
508 508 1.7774
509 509 1.7843
510 510 1.7909
511 511 1.7970
512 512 1.8027
513 513 1.8081
514 514 1.8130
515 515 1.8175
516 516 1.8217
517 517 1.8255
518 518 1.8290
519 519 1.8321
520 520 1.8350
521 521 1.8375
522 522 1.8399
523 523 1.8421
524 524 1.8441
525 525 1.8459
526 526 1.8477
527 527 1.8494
528 528 1.8510
529 529 1.8527
530 530 1.8544
531 531 1.8562
532 532 1.8580
533 533 1.8600
534 534 1.8622
535 535 1.8645
536 536 1.8671
537 537 1.8698
538 538 1.8728
539 539 1.8761
540 540 1.8796
541 541 1.8834
542 542 1.8874
543 543 1.8918
544 544 1.8964
545 545 1.9013
546 546 1.9064
547 547 1.9118
548 548 1.9175
549 549 1.9233
550 550 1.9294
551 551 1.9356
552 552 1.9421
553 553 1.9486
554 554 1.9553
555 555 1.9621
556 556 1.9690
557 557 1.9759
558 558 1.9829
559 559 1.9898
560 560 1.9969
561 561 2.0039
562 562 2.0093
563 563 2.0093
564 564 2.0093
565 565 2.0093
566 566 2.0093
567 567 2.0093
568 568 2.0093
569 569 2.0093
570 570 2.0093
571 571 2.0093
572 572 2.0093
573 573 2.0093
574 574 2.0093
575 575 2.0093
576 576 2.0093
577 577 2.0093
578 578 2.0093
579 579 2.0093
580 580 2.0093
581 581 2.0093
582 582 2.0093
583 583 2.0093
584 584 2.0093
585 585 2.0093
586 586 2.0093
587 587 2.0093
588 588 2.0093
589 589 2.0093
590 590 2.0093
591 591 2.0093
592 592 2.0093
593 593 2.0093
594 594 2.0093
595 595 2.0093
596 596 2.0093
597 597 2.0093
598 598 2.0093
599 599 2.0093
600 600 2.0093
601 601 2.0093
602 602 2.0093
603 603 2.0093
604 604 2.0093
605 605 2.0093
606 606 2.0093
607 607 2.0093
608 608 2.0093
609 609 2.0093
610 610 2.0093
611 611 2.0093
612 612 2.0093
613 613 2.0093
614 614 2.0093
615 615 2.0093
616 616 2.0093
617 617 2.0093
618 618 2.0093
619 619 2.0093
620 620 2.0093
621 621 2.0093
622 622 2.0093
623 623 2.0093
624 624 2.0093
625 625 2.0093
626 626 2.0093
627 627 2.0093
628 628 2.0093
629 629 2.0093
630 630 2.0093
631 631 2.0093
632 632 2.0093
633 633 2.0093
634 634 2.0093
635 635 2.0093
636 636 2.0093
637 637 2.0093
638 638 2.0093
639 639 2.0093
640 640 2.0093
641 641 2.0093
642 642 2.0093
643 643 2.0093
644 644 2.0093
645 645 2.0093
646 646 2.0093
647 647 2.0093
648 648 2.0093
649 649 2.0093
650 650 2.0093
651 651 2.0093
652 652 2.0093
653 653 2.0093
654 654 2.0093
655 655 2.0093
656 656 2.0093
657 657 2.0093
658 658 2.0093
659 659 2.0093
660 660 2.0093
661 661 2.0093
662 662 2.0093
663 663 2.0093
664 664 2.0093
665 665 2.0093
666 666 2.0093
667 667 2.0093
668 668 2.0093
669 669 2.0093
670 670 2.0093
671 671 2.0093
672 672 2.0093
673 673 2.0093
674 674 2.0093
675 675 2.0093
676 676 2.0093
677 677 2.0093
678 678 2.0093
679 679 2.0093
680 680 2.0093
681 681 2.0093
682 682 2.0093
683 683 2.0093
684 684 2.0093
685 685 2.0093
686 686 2.0093
687 687 2.0093
688 688 2.0093
689 689 2.0093
690 690 2.0093
691 691 2.0093
692 692 2.0093
693 693 2.0093
694 694 2.0093
695 695 2.0093
696 696 2.0093
697 697 2.0093
698 698 2.0093
699 699 2.0093
700 700 2.0093
701 701 2.0093
702 702 2.0093
703 703 2.0093
704 704 2.0093
705 705 2.0093
706 706 2.0093
707 707 2.0093
708 708 2.0093
709 709 2.0093
710 710 2.0093
711 711 2.0093
712 712 2.0093
713 713 2.0093
714 714 2.0093
715 715 2.0093
716 716 2.0093
717 717 3.2148
718 718 3.2148
719 719 3.2148
720 720 3.2148
721 721 3.2148
722 722 3.2148
723 723 3.2148
724 724 3.2148
725 725 3.2148
726 726 3.2148
727 727 3.2148
728 728 3.2148
729 729 3.2148
730 730 3.2148
