45 45 1.0000
46 46 1.0000
47 47 1.0000
48 48 1.0000
49 49 1.0000
50 50 1.0000
51 51 1.0000
52 52 1.0000
53 53 1.0000
54 54 1.0000
55 55 1.0000
56 56 1.0000
57 57 1.0000
58 58 1.0000
59 59 1.0000
60 60 1.0000
61 61 1.0000
62 62 1.0000
63 63 1.0000
64 64 1.0000
65 65 1.0000
66 66 1.0000
67 67 1.0000
68 68 1.0000
69 69 1.0000
70 70 1.0000
71 71 1.0000
72 72 1.0000
73 73 1.0000
74 74 1.0000
75 75 1.0000
76 76 1.0000
77 77 1.0000
78 78 1.0000
79 79 1.0000
80 80 1.0000
81 81 1.0000
82 82 1.0000
83 83 1.0000
84 84 1.0000
85 85 1.0000
86 86 1.0000
87 87 1.0000
88 88 1.0000
89 89 1.0000
90 90 1.0000
91 91 1.0000
92 92 1.0000
93 93 1.0000
94 94 1.0000
95 95 1.0000
96 96 1.0000
97 97 1.0000
98 98 1.0000
99 99 1.0000
100 100 1.0000
101 101 1.0000
102 102 1.0000
103 103 1.0000
104 104 1.0000
105 105 1.0000
106 106 1.0000
107 107 1.0000
108 108 1.0000
109 109 1.0000
110 110 1.0000
111 111 1.0000
112 112 1.0000
113 113 1.0000
114 114 1.0000
115 115 1.0000
116 116 1.0000
117 117 1.0000
118 118 1.0000
119 119 1.0000
120 120 1.0000
121 121 1.0000
122 122 1.0000
123 123 1.0000
124 124 1.0000
125 125 1.0000
126 126 1.0000
127 127 1.0000
128 128 1.0000
129 129 1.0000
130 130 1.0000
131 131 1.0000
132 132 1.0000
133 133 1.0000
134 134 1.0000
135 135 1.0000
136 136 1.0094
137 137 1.0186
138 138 1.0277
139 139 1.0367
140 140 1.0455
141 141 1.0542
142 142 1.0627
143 143 1.0710
144 144 1.0791
145 145 1.0870
146 146 1.0946
147 147 1.1020
148 148 1.1091
149 149 1.1160
150 150 1.1226
151 151 1.1290
152 152 1.1350
153 153 1.1408
154 154 1.1463
155 155 1.1514
156 156 1.1563
157 157 1.1609
158 158 1.1652
159 159 1.1692
160 160 1.1728
161 161 1.1762
162 162 1.1793
163 163 1.1820
164 164 1.1845
165 165 1.1867
166 166 1.1886
167 167 1.1902
168 168 1.1916
169 169 1.1927
170 170 1.1935
171 171 1.1941
172 172 1.1944
173 173 1.1945
174 174 1.1944
175 175 1.1941
176 176 1.1935
177 177 1.1928
178 178 1.1919
179 179 1.1908
180 180 1.1896
181 181 1.1882
182 182 1.1866
183 183 1.1850
184 184 1.1832
185 185 1.1813
186 186 1.1793
187 187 1.1773
188 188 1.1752
189 189 1.1730
190 190 1.1708
191 191 1.1686
192 192 1.1663
193 193 1.1641
194 194 1.1618
195 195 1.1596
196 196 1.1574
197 197 1.1553
198 198 1.1532
199 199 1.1511
200 200 1.1492
201 201 1.1473
202 202 1.1455
203 203 1.1439
204 204 1.1423
205 205 1.1409
206 206 1.1396
207 207 1.1385
208 208 1.1375
209 209 1.1367
210 210 1.1360
211 211 1.1356
212 212 1.1353
213 213 1.1352
214 214 1.1353
215 215 1.1356
216 216 1.1361
217 217 1.1369
218 218 1.1378
219 219 1.1390
220 220 1.1404
221 221 1.1420
222 222 1.1439
223 223 1.1460
224 224 1.1483
225 225 1.1509
226 226 1.1536
227 227 1.1567
228 228 1.1599
229 229 1.1633
230 230 1.1670
231 231 1.1709
232 232 1.1750
233 233 1.1794
234 234 1.1839
235 235 1.1886
236 236 1.1935
237 237 1.1985
238 238 1.2038
239 239 1.2092
240 240 1.2147
241 241 1.2204
242 242 1.2262
243 243 1.2322
244 244 1.2382
245 245 1.2443
246 246 1.2505
247 247 1.2568
248 248 1.2631
249 249 1.2695
250 250 1.2759
251 251 1.2823
252 252 1.2887
253 253 1.2950
254 254 1.3014
255 255 1.3077
256 256 1.3139
257 257 1.3201
258 258 1.3262
259 259 1.3322
260 260 1.3381
261 261 1.3438
262 262 1.3495
263 263 1.3549
264 264 1.3603
265 265 1.3654
266 266 1.3704
267 267 1.3752
268 268 1.3798
269 269 1.3842
270 270 1.3884
271 271 1.3923
272 272 1.3961
273 273 1.3997
274 274 1.4030
275 275 1.4061
276 276 1.4090
277 277 1.4116
278 278 1.4141
279 279 1.4163
280 280 1.4183
281 281 1.4201
282 282 1.4217
283 283 1.4231
284 284 1.4244
285 285 1.4254
286 286 1.4263
287 287 1.4270
288 288 1.4276
289 289 1.4281
290 290 1.4284
291 291 1.4286
292 292 1.4288
293 293 1.4289
294 294 1.4289
295 295 1.4289
296 296 1.4288
297 297 1.4288
298 298 1.4287
299 299 1.4287
300 300 1.4288
301 301 1.4289
302 302 1.4291
303 303 1.4294
304 304 1.4298
305 305 1.4303
306 306 1.4311
307 307 1.4320
308 308 1.4330
309 309 1.4343
310 310 1.4359
311 311 1.4376
312 312 1.4396
313 313 1.4419
314 314 1.4445
315 315 1.4473
316 316 1.4505
317 317 1.4539
318 318 1.4577
319 319 1.4618
320 320 1.4663
321 321 1.4710
322 322 1.4762
323 323 1.4817
324 324 1.4875
325 325 1.4937
326 326 1.5002
327 327 1.5071
328 328 1.5143
329 329 1.5218
330 330 1.5297
331 331 1.5380
332 332 1.5465
333 333 1.5554
334 334 1.5645
335 335 1.5740
336 336 1.5837
337 337 1.5937
338 338 1.6040
339 339 1.6145
340 340 1.6252
341 341 1.6361
342 342 1.6473
343 343 1.6586
344 344 1.6701
345 345 1.6818
346 346 1.6935
347 347 1.7054
348 348 1.7175
349 349 1.7296
350 350 1.7417
351 351 1.7540
352 352 1.7663
353 353 1.7786
354 354 1.7910
355 355 1.8033
356 356 1.8157
357 357 1.8281
358 358 1.8405
359 359 1.4674
360 360 1.4674
361 361 1.4674
362 362 1.4674
363 363 1.4674
364 364 1.4674
365 365 1.4674
366 366 1.4674
367 367 1.4674
368 368 1.4674
369 369 1.4674
370 370 1.4674
371 371 1.4674
372 372 1.4674
373 373 1.4674
374 374 1.4674
375 375 1.4674
376 376 1.4674
377 377 1.4674
378 378 1.4674
379 379 1.4674
380 380 1.4674
381 381 1.4674
382 382 1.4674
383 383 1.4674
384 384 1.4674
385 385 1.4674
386 386 1.4674
387 387 1.4674
388 388 1.4674
389 389 1.4674
390 390 1.4674
391 391 1.4674
392 392 1.4674
393 393 1.4674
394 394 1.4674
395 395 1.4674
396 396 1.4674
397 397 1.4674
398 398 1.4674
399 399 1.4674
400 400 1.4674
401 401 1.4674
402 402 1.4674
403 403 1.4674
404 404 1.4674
405 405 1.4674
406 406 1.4674
407 407 1.4674
408 408 1.4674
409 409 1.4674
410 410 1.4674
411 411 1.4674
412 412 1.4674
413 413 1.4674
414 414 1.4674
415 415 1.4674
416 416 1.4674
417 417 1.4674
418 418 1.4674
419 419 1.4674
420 420 1.4674
421 421 1.4674
422 422 1.4674
423 423 1.4674
424 424 1.4674
425 425 1.4674
426 426 1.4674
427 427 1.4674
428 428 1.4674
429 429 1.4674
430 430 1.4674
431 431 1.4674
432 432 1.4674
433 433 1.4674
434 434 1.4674
435 435 1.4674
436 436 1.4674
437 437 1.4674
438 438 1.4674
439 439 1.4674
440 440 1.4674
441 441 1.4674
442 442 1.4674
443 443 1.4674
444 444 1.4674
445 445 1.4674
446 446 1.4674
447 447 1.4674
448 448 1.4674
449 449 1.4674
450 450 1.4674
451 451 1.4674
452 452 1.6741
453 453 1.6741
454 454 1.8396
455 455 1.9600
456 456 1.5086
457 457 1.4674
458 458 1.4674
459 459 1.4674
460 460 1.4674
461 461 1.4674
462 462 1.4674
463 463 1.4674
464 464 1.4674
465 465 1.4674
466 466 1.4674
467 467 1.4674
468 468 1.4674
469 469 1.4674
470 470 1.4674
471 471 1.4674
472 472 1.4674
473 473 1.4674
474 474 1.4674
475 475 1.4674
476 476 1.4674
477 477 1.4674
478 478 1.4674
479 479 1.4674
480 480 1.4674
481 481 1.4674
482 482 1.4674
483 483 1.4674
484 484 1.4674
485 485 1.4674
486 486 1.4674
487 487 1.4674
488 488 1.4674
489 489 1.4674
490 490 1.4674
491 491 1.4674
492 492 1.4674
493 493 1.4674
494 494 1.4674
495 495 1.4674
496 496 1.4674
497 497 1.4674
498 498 1.4674
499 499 1.6465
500 500 1.6555
501 501 1.6643
502 502 1.6729
503 503 1.6813
504 504 1.6894
505 505 1.6972
506 506 1.7047
507 507 1.7118
508 508 1.7186
509 509 1.7250
510 510 1.7311
511 511 1.7368
512 512 1.7421
513 513 1.7470
514 514 1.7515
515 515 1.7557
516 516 1.7596
517 517 1.7631
518 518 1.7663
519 519 1.7692
520 520 1.7718
521 521 1.7742
522 522 1.7764
523 523 1.7784
524 524 1.7802
525 525 1.7820
526 526 1.7836
527 527 1.7851
528 528 1.7867
529 529 1.7882
530 530 1.7898
531 531 1.7914
532 532 1.7932
533 533 1.7950
534 534 1.7970
535 535 1.7992
536 536 1.8015
537 537 1.8041
538 538 1.8068
539 539 1.8098
540 540 1.8131
541 541 1.8166
542 542 1.8203
543 543 1.8244
544 544 1.8286
545 545 1.8331
546 546 1.8379
547 547 1.8429
548 548 1.8481
549 549 1.8535
550 550 1.8591
551 551 1.8649
552 552 1.8708
553 553 1.8769
554 554 1.8831
555 555 1.8894
556 556 1.8957
557 557 1.9021
558 558 1.9085
559 559 1.9150
560 560 1.9215
561 561 1.9280
562 562 1.9330
563 563 1.9330
564 564 1.9330
565 565 1.9330
566 566 1.9330
567 567 1.9330
568 568 1.9330
569 569 1.9330
570 570 1.9330
571 571 1.9330
572 572 1.9330
573 573 1.9330
574 574 1.9330
575 575 1.9330
576 576 1.9330
577 577 1.9330
578 578 1.9330
579 579 1.9330
580 580 1.9330
581 581 1.9330
582 582 1.9330
583 583 1.9330
584 584 1.9330
585 585 1.9330
586 586 1.9330
587 587 1.9330
588 588 1.9330
589 589 1.9330
590 590 1.9330
591 591 1.9330
592 592 1.9330
593 593 1.9330
594 594 1.9330
595 595 1.9330
596 596 1.9330
597 597 1.9330
598 598 1.9330
599 599 1.9330
600 600 1.9330
601 601 1.9330
602 602 1.9330
603 603 1.9330
604 604 1.9330
605 605 1.9330
606 606 1.9330
607 607 1.9330
608 608 1.9330
609 609 1.9330
610 610 1.9330
611 611 1.9330
612 612 1.9330
613 613 1.9330
614 614 1.9330
615 615 1.9330
616 616 1.9330
617 617 1.9330
618 618 1.9330
619 619 1.9330
620 620 1.9330
621 621 1.9330
622 622 1.9330
623 623 1.9330
624 624 1.9330
625 625 1.9330
626 626 1.9330
627 627 1.9330
628 628 1.9330
629 629 1.9330
630 630 1.9330
631 631 1.9330
632 632 1.9330
633 633 1.9330
634 634 1.9330
635 635 1.9330
636 636 1.9330
637 637 1.9330
638 638 1.9330
639 639 1.9330
640 640 1.9330
641 641 1.9330
642 642 1.9330
643 643 1.9330
644 644 1.9330
645 645 1.9330
646 646 1.9330
647 647 1.9330
648 648 1.9330
649 649 1.9330
650 650 1.9330
651 651 1.9330
652 652 1.9330
653 653 1.9330
654 654 1.9330
655 655 1.9330
656 656 1.9330
657 657 1.9330
658 658 1.9330
659 659 1.9330
660 660 1.9330
661 661 1.9330
662 662 1.9330
663 663 1.9330
664 664 1.9330
665 665 1.9330
666 666 1.9330
667 667 1.9330
668 668 1.9330
669 669 1.9330
670 670 1.9330
671 671 1.9330
672 672 1.9330
673 673 1.9330
674 674 1.9330
675 675 1.9330
676 676 1.9330
677 677 1.9330
678 678 1.9330
679 679 1.9330
680 680 1.9330
681 681 1.9330
682 682 1.9330
683 683 1.9330
684 684 1.9330
685 685 1.9330
686 686 1.9330
687 687 1.9330
688 688 1.9330
689 689 1.9330
690 690 1.9330
691 691 1.9330
692 692 1.9330
693 693 1.9330
694 694 1.9330
695 695 1.9330
696 696 1.9330
697 697 1.9330
698 698 1.9330
699 699 1.9330
700 700 1.9330
701 701 1.9330
702 702 1.9330
703 703 1.9330
704 704 1.9330
705 705 1.9330
706 706 1.9330
707 707 1.9330
708 708 1.9330
709 709 1.9330
710 710 1.9330
711 711 1.9330
712 712 1.9330
713 713 1.9330
714 714 1.9330
715 715 1.9330
716 716 1.9330
717 717 0.9665
718 718 0.9665
719 719 0.9665
720 720 0.9665
721 721 0.9665
722 722 0.9665
723 723 0.9665
724 724 0.9665
725 725 0.9665
726 726 0.9665
727 727 0.9665
728 728 0.9665
729 729 0.9665
730 730 0.9665
