288 288 0.7500 school
288 288 0.7500 school
288 288 0.7500 classroom
4 4 0.0000 workplace
5 5 0.0000 workplace
6 6 0.0000 workplace
7 7 0.0001 workplace
8 8 0.0007 workplace
9 9 0.0013 workplace
10 10 0.0019 workplace
11 11 0.0026 workplace
12 12 0.0032 workplace
13 13 0.0038 workplace
14 14 0.0044 workplace
15 15 0.0050 workplace
16 16 0.0056 workplace
17 17 0.0062 workplace
18 18 0.0069 workplace
19 19 0.0075 workplace
20 20 0.0081 workplace
21 21 0.0088 workplace
22 22 0.0094 workplace
23 23 0.0101 workplace
24 24 0.0107 workplace
25 25 0.0114 workplace
26 26 0.0121 workplace
27 27 0.0128 workplace
28 28 0.0136 workplace
29 29 0.0143 workplace
30 30 0.0151 workplace
31 31 0.0160 workplace
32 32 0.0169 workplace
33 33 0.0178 workplace
34 34 0.0187 workplace
35 35 0.0197 workplace
36 36 0.0208 workplace
37 37 0.0219 workplace
38 38 0.0231 workplace
39 39 0.0244 workplace
40 40 0.0257 workplace
41 41 0.0271 workplace
42 42 0.0286 workplace
43 43 0.0302 workplace
44 44 0.0319 workplace
45 45 0.0336 workplace
46 46 0.0355 workplace
47 47 0.0374 workplace
48 48 0.0395 workplace
49 49 0.0416 workplace
50 50 0.0439 workplace
51 51 0.0463 workplace
52 52 0.0488 workplace
53 53 0.0514 workplace
54 54 0.0541 workplace
55 55 0.0569 workplace
56 56 0.0598 workplace
57 57 0.0628 workplace
58 58 0.0659 workplace
59 59 0.0692 workplace
60 60 0.0725 workplace
61 61 0.0759 workplace
62 62 0.0794 workplace
63 63 0.0830 workplace
64 64 0.0867 workplace
65 65 0.0904 workplace
66 66 0.0942 workplace
67 67 0.0980 workplace
68 68 0.1019 workplace
69 69 0.1058 workplace
70 70 0.1097 workplace
71 71 0.1137 workplace
72 72 0.1177 workplace
73 73 0.1216 workplace
74 74 0.1256 workplace
75 75 0.1295 workplace
76 76 0.1335 workplace
77 77 0.1373 workplace
78 78 0.1412 workplace
79 79 0.1449 workplace
80 80 0.1487 workplace
81 81 0.1523 workplace
82 82 0.1559 workplace
83 83 0.1594 workplace
84 84 0.1628 workplace
85 85 0.1661 workplace
86 86 0.1693 workplace
87 87 0.1724 workplace
88 88 0.1754 workplace
89 89 0.1783 workplace
90 90 0.1811 workplace
91 91 0.1838 workplace
92 92 0.1863 workplace
93 93 0.1888 workplace
94 94 0.1911 workplace
95 95 0.1934 workplace
96 96 0.1955 workplace
97 97 0.1975 workplace
98 98 0.1995 workplace
99 99 0.2013 workplace
100 100 0.2031 workplace
101 101 0.2048 workplace
102 102 0.2064 workplace
103 103 0.2079 workplace
104 104 0.2094 workplace
105 105 0.2108 workplace
106 106 0.2122 workplace
107 107 0.2135 workplace
108 108 0.2148 workplace
109 109 0.2161 workplace
110 110 0.2173 workplace
111 111 0.2186 workplace
112 112 0.2198 workplace
113 113 0.2210 workplace
114 114 0.2222 workplace
115 115 0.2234 workplace
116 116 0.2246 workplace
117 117 0.2259 workplace
118 118 0.2271 workplace
119 119 0.2284 workplace
120 120 0.2297 workplace
121 121 0.2311 workplace
122 122 0.2324 workplace
123 123 0.2339 workplace
124 124 0.2353 workplace
125 125 0.2368 workplace
126 126 0.2383 workplace
127 127 0.2398 workplace
128 128 0.2413 workplace
129 129 0.2429 workplace
130 130 0.2446 workplace
131 131 0.2462 workplace
132 132 0.2479 workplace
133 133 0.2496 workplace
134 134 0.2513 workplace
135 135 0.2531 workplace
136 136 0.2548 workplace
137 137 0.2566 workplace
138 138 0.2583 workplace
139 139 0.2601 workplace
140 140 0.2619 workplace
141 141 0.2637 workplace
142 142 0.2655 workplace
143 143 0.2672 workplace
144 144 0.2690 workplace
145 145 0.2708 workplace
146 146 0.2725 workplace
147 147 0.2742 workplace
148 148 0.2759 workplace
149 149 0.2776 workplace
150 150 0.2793 workplace
151 151 0.2809 workplace
152 152 0.2825 workplace
153 153 0.2841 workplace
154 154 0.2857 workplace
155 155 0.2872 workplace
156 156 0.2887 workplace
157 157 0.2902 workplace
158 158 0.2917 workplace
159 159 0.2931 workplace
160 160 0.2945 workplace
161 161 0.2959 workplace
162 162 0.2973 workplace
163 163 0.2986 workplace
164 164 0.3000 workplace
165 165 0.3013 workplace
166 166 0.3025 workplace
167 167 0.3038 workplace
168 168 0.3050 workplace
169 169 0.3063 workplace
170 170 0.3075 workplace
171 171 0.3087 workplace
172 172 0.3099 workplace
173 173 0.3110 workplace
174 174 0.3122 workplace
175 175 0.3133 workplace
176 176 0.3145 workplace
177 177 0.3156 workplace
178 178 0.3167 workplace
179 179 0.3179 workplace
180 180 0.3190 workplace
181 181 0.3201 workplace
182 182 0.3212 workplace
183 183 0.3223 workplace
184 184 0.3234 workplace
185 185 0.3245 workplace
186 186 0.3256 workplace
187 187 0.3267 workplace
188 188 0.3278 workplace
189 189 0.3289 workplace
190 190 0.3300 workplace
191 191 0.3311 workplace
192 192 0.3322 workplace
193 193 0.3333 workplace
194 194 0.3345 workplace
195 195 0.3345 workplace
196 196 0.3345 workplace
197 197 0.3345 workplace
198 198 0.3345 workplace
199 199 0.3345 workplace
200 200 0.3345 workplace
201 201 0.3345 workplace
202 202 0.3345 workplace
203 203 0.3345 workplace
204 204 0.3345 workplace
205 205 0.3345 workplace
206 206 0.3345 workplace
207 207 0.3345 workplace
208 208 0.3345 workplace
209 209 0.3345 workplace
210 210 0.3345 workplace
211 211 0.3345 workplace
212 212 0.3345 workplace
213 213 0.3345 workplace
214 214 0.3345 workplace
215 215 0.3345 workplace
216 216 0.3345 workplace
217 217 0.3345 workplace
218 218 0.3345 workplace
219 219 0.3345 workplace
220 220 0.3345 workplace
221 221 0.3345 workplace
222 222 0.3345 workplace
223 223 0.3345 workplace
224 224 0.3345 workplace
225 225 0.3345 workplace
226 226 0.3345 workplace
227 227 0.3345 workplace
228 228 0.3345 workplace
229 229 0.3345 workplace
230 230 0.3345 workplace
231 231 0.3345 workplace
232 232 0.3345 workplace
233 233 0.3345 workplace
234 234 0.3345 workplace
235 235 0.3345 workplace
236 236 0.3345 workplace
237 237 0.3345 workplace
238 238 0.3345 workplace
239 239 0.3345 workplace
240 240 0.3345 workplace
241 241 0.3345 workplace
242 242 0.3345 workplace
243 243 0.3345 workplace
244 244 0.3345 workplace
245 245 0.3345 workplace
246 246 0.3345 workplace
247 247 0.3345 workplace
248 248 0.3345 workplace
249 249 0.3345 workplace
250 250 0.3345 workplace
251 251 0.3345 workplace
252 252 0.3345 workplace
253 253 0.3345 workplace
254 254 0.3345 workplace
255 255 0.3345 workplace
256 256 0.3345 workplace
257 257 0.3345 workplace
258 258 0.3345 workplace
259 259 0.3345 workplace
260 260 0.3345 workplace
261 261 0.3345 workplace
262 262 0.3345 workplace
263 263 0.3345 workplace
264 264 0.3345 workplace
265 265 0.3345 workplace
266 266 0.3345 workplace
267 267 0.3345 workplace
268 268 0.3345 workplace
269 269 0.3345 workplace
270 270 0.3345 workplace
271 271 0.3345 workplace
272 272 0.3345 workplace
273 273 0.3345 workplace
274 274 0.3345 workplace
275 275 0.3345 workplace
276 276 0.3345 workplace
277 277 0.3345 workplace
278 278 0.3345 workplace
279 279 0.3345 workplace
280 280 0.3345 workplace
281 281 0.3345 workplace
282 282 0.3345 workplace
283 283 0.3345 workplace
284 284 0.3345 workplace
285 285 0.3345 workplace
286 286 0.3345 workplace
287 287 0.3345 workplace
288 288 0.3345 workplace
289 289 0.3345 workplace
290 290 0.3345 workplace
291 291 0.3345 workplace
292 292 0.3345 workplace
293 293 0.3345 workplace
294 294 0.3345 workplace
295 295 0.3345 workplace
296 296 0.3345 workplace
297 297 0.3345 workplace
298 298 0.3345 workplace
299 299 0.3345 workplace
300 300 0.3345 workplace
301 301 0.3345 workplace
302 302 0.3345 workplace
303 303 0.3345 workplace
304 304 0.3345 workplace
305 305 0.3345 workplace
306 306 0.3345 workplace
307 307 0.3345 workplace
308 308 0.3345 workplace
309 309 0.3345 workplace
310 310 0.3345 workplace
311 311 0.3345 workplace
312 312 0.3345 workplace
313 313 0.3345 workplace
314 314 0.3345 workplace
315 315 0.3345 workplace
316 316 0.3345 workplace
317 317 0.3345 workplace
318 318 0.3345 workplace
319 319 0.3345 workplace
320 320 0.3345 workplace
321 321 0.3345 workplace
322 322 0.3345 workplace
323 323 0.3345 workplace
324 324 0.3345 workplace
325 325 0.3345 workplace
326 326 0.3345 workplace
327 327 0.3345 workplace
328 328 0.3345 workplace
329 329 0.3345 workplace
330 330 0.3345 workplace
331 331 0.3345 workplace
332 332 0.3345 workplace
333 333 0.3345 workplace
334 334 0.3345 workplace
335 335 0.3345 workplace
336 336 0.3345 workplace
337 337 0.3345 workplace
338 338 0.3345 workplace
339 339 0.3345 workplace
340 340 0.3345 workplace
341 341 0.3345 workplace
342 342 0.3345 workplace
343 343 0.3345 workplace
344 344 0.3345 workplace
345 345 0.3345 workplace
346 346 0.3345 workplace
347 347 0.3345 workplace
348 348 0.3345 workplace
349 349 0.3345 workplace
350 350 0.3345 workplace
351 351 0.3345 workplace
352 352 0.3345 workplace
353 353 0.3345 workplace
354 354 0.3345 workplace
355 355 0.3345 workplace
356 356 0.3345 workplace
357 357 0.3345 workplace
358 358 0.3345 workplace
359 359 0.3345 workplace
360 360 0.3345 workplace
361 361 0.3345 workplace
362 362 0.3345 workplace
363 363 0.3345 workplace
364 364 0.3345 workplace
365 365 0.3345 workplace
366 366 0.3345 workplace
367 367 0.3345 workplace
368 368 0.3345 workplace
369 369 0.3345 workplace
370 370 0.3345 workplace
371 371 0.3345 workplace
372 372 0.3345 workplace
373 373 0.3345 workplace
374 374 0.3345 workplace
375 375 0.3345 workplace
376 376 0.3345 workplace
377 377 0.3345 workplace
378 378 0.3345 workplace
379 379 0.3345 workplace
380 380 0.3345 workplace
381 381 0.3345 workplace
382 382 0.3345 workplace
383 383 0.3345 workplace
384 384 0.3345 workplace
385 385 0.3345 workplace
386 386 0.3345 workplace
387 387 0.3345 workplace
388 388 0.3345 workplace
389 389 0.3345 workplace
390 390 0.3345 workplace
391 391 0.3345 workplace
392 392 0.3345 workplace
393 393 0.3345 workplace
394 394 0.3345 workplace
395 395 0.3345 workplace
396 396 0.3345 workplace
397 397 0.3345 workplace
398 398 0.3345 workplace
399 399 0.3345 workplace
400 400 0.3345 workplace
401 401 0.3345 workplace
402 402 0.3345 workplace
403 403 0.3345 workplace
404 404 0.3345 workplace
405 405 0.3345 workplace
406 406 0.3345 workplace
407 407 0.3345 workplace
408 408 0.3345 workplace
409 409 0.3345 workplace
410 410 0.3345 workplace
411 411 0.3345 workplace
412 412 0.3345 workplace
413 413 0.3345 workplace
414 414 0.3345 workplace
415 415 0.3345 workplace
416 416 0.3344 workplace
417 417 0.3342 workplace
418 418 0.3340 workplace
419 419 0.3338 workplace
420 420 0.3337 workplace
421 421 0.3335 workplace
422 422 0.3333 workplace
423 423 0.3331 workplace
424 424 0.3330 workplace
425 425 0.3328 workplace
426 426 0.3326 workplace
427 427 0.3325 workplace
428 428 0.3323 workplace
429 429 0.3321 workplace
430 430 0.3319 workplace
431 431 0.3318 workplace
432 432 0.3316 workplace
433 433 0.3314 workplace
434 434 0.3313 workplace
435 435 0.3311 workplace
436 436 0.3309 workplace
437 437 0.3308 workplace
438 438 0.3306 workplace
439 439 0.3304 workplace
440 440 0.3303 workplace
441 441 0.3301 workplace
442 442 0.3299 workplace
443 443 0.3297 workplace
444 444 0.3296 workplace
445 445 0.3294 workplace
446 446 0.3292 workplace
447 447 0.3291 workplace
448 448 0.3289 workplace
449 449 0.3287 workplace
450 450 0.3285 workplace
451 451 0.3283 workplace
452 452 0.3282 workplace
453 453 0.3280 workplace
454 454 0.3278 workplace
455 455 0.3276 workplace
456 456 0.3274 workplace
457 457 0.3272 workplace
458 458 0.3270 workplace
459 459 0.3268 workplace
460 460 0.3266 workplace
461 461 0.3264 workplace
462 462 0.3262 workplace
463 463 0.3260 workplace
464 464 0.3258 workplace
465 465 0.3255 workplace
466 466 0.3253 workplace
467 467 0.3251 workplace
468 468 0.3249 workplace
469 469 0.3246 workplace
470 470 0.3244 workplace
471 471 0.3241 workplace
472 472 0.3239 workplace
473 473 0.3236 workplace
474 474 0.3233 workplace
475 475 0.3231 workplace
476 476 0.3228 workplace
477 477 0.3225 workplace
478 478 0.3222 workplace
479 479 0.3219 workplace
480 480 0.3216 workplace
481 481 0.3213 workplace
482 482 0.3210 workplace
483 483 0.3207 workplace
484 484 0.3203 workplace
485 485 0.3200 workplace
486 486 0.3197 workplace
487 487 0.3193 workplace
488 488 0.3190 workplace
489 489 0.3186 workplace
490 490 0.3182 workplace
491 491 0.3178 workplace
492 492 0.3174 workplace
493 493 0.3170 workplace
494 494 0.3166 workplace
495 495 0.3162 workplace
496 496 0.3158 workplace
497 497 0.3154 workplace
498 498 0.3149 workplace
499 499 0.3145 workplace
500 500 0.3141 workplace
501 501 0.3136 workplace
502 502 0.3131 workplace
503 503 0.3127 workplace
504 504 0.3122 workplace
505 505 0.3117 workplace
506 506 0.3112 workplace
507 507 0.3107 workplace
508 508 0.3102 workplace
509 509 0.3097 workplace
510 510 0.3091 workplace
511 511 0.3086 workplace
512 512 0.3081 workplace
513 513 0.3075 workplace
514 514 0.3070 workplace
515 515 0.3064 workplace
516 516 0.3058 workplace
517 517 0.3053 workplace
518 518 0.3047 workplace
519 519 0.3041 workplace
520 520 0.3035 workplace
521 521 0.3029 workplace
522 522 0.3023 workplace
523 523 0.3017 workplace
524 524 0.3011 workplace
525 525 0.3004 workplace
526 526 0.2998 workplace
527 527 0.2992 workplace
528 528 0.2985 workplace
529 529 0.2979 workplace
530 530 0.2972 workplace
531 531 0.2966 workplace
532 532 0.2959 workplace
533 533 0.2953 workplace
534 534 0.2946 workplace
535 535 0.2939 workplace
536 536 0.2932 workplace
537 537 0.2925 workplace
538 538 0.2919 workplace
539 539 0.2912 workplace
540 540 0.2905 workplace
541 541 0.2898 workplace
542 542 0.2891 workplace
543 543 0.2884 workplace
544 544 0.2877 workplace
545 545 0.2870 workplace
546 546 0.2862 workplace
547 547 0.2855 workplace
548 548 0.2848 workplace
549 549 0.2841 workplace
550 550 0.2834 workplace
551 551 0.2826 workplace
552 552 0.2819 workplace
553 553 0.2812 workplace
554 554 0.2805 workplace
555 555 0.2797 workplace
556 556 0.2790 workplace
557 557 0.2783 workplace
558 558 0.2775 workplace
559 559 0.2768 workplace
560 560 0.2761 workplace
561 561 0.2753 workplace
562 562 0.2746 workplace
563 563 0.2738 workplace
564 564 0.2731 workplace
565 565 0.2724 workplace
566 566 0.2716 workplace
567 567 0.2709 workplace
568 568 0.2701 workplace
569 569 0.2694 workplace
570 570 0.2687 workplace
571 571 0.2679 workplace
572 572 0.2672 workplace
573 573 0.2665 workplace
574 574 0.2657 workplace
575 575 0.2650 workplace
576 576 0.2643 workplace
577 577 0.2636 workplace
578 578 0.2629 workplace
579 579 0.2621 workplace
580 580 0.2614 workplace
581 581 0.2607 workplace
582 582 0.2600 workplace
583 583 0.2593 workplace
584 584 0.2586 workplace
585 585 0.2579 workplace
586 586 0.2572 workplace
587 587 0.2566 workplace
588 588 0.2559 workplace
589 589 0.2552 workplace
590 590 0.2545 workplace
591 591 0.2539 workplace
592 592 0.2532 workplace
593 593 0.2526 workplace
594 594 0.2519 workplace
595 595 0.2513 workplace
596 596 0.2507 workplace
597 597 0.2500 workplace
598 598 0.2494 workplace
599 599 0.2488 workplace
600 600 0.2482 workplace
601 601 0.2476 workplace
602 602 0.2470 workplace
603 603 0.2464 workplace
604 604 0.2459 workplace
605 605 0.2453 workplace
606 606 0.2447 workplace
607 607 0.2442 workplace
608 608 0.2436 workplace
609 609 0.2431 workplace
610 610 0.2426 workplace
611 611 0.2421 workplace
612 612 0.2415 workplace
613 613 0.2410 workplace
614 614 0.2405 workplace
615 615 0.2401 workplace
616 616 0.2396 workplace
617 617 0.2391 workplace
618 618 0.2386 workplace
619 619 0.2382 workplace
620 620 0.2377 workplace
621 621 0.2373 workplace
622 622 0.2368 workplace
623 623 0.2364 workplace
624 624 0.2360 workplace
625 625 0.2356 workplace
626 626 0.2352 workplace
627 627 0.2348 workplace
628 628 0.2344 workplace
629 629 0.2340 workplace
630 630 0.2336 workplace
631 631 0.2332 workplace
632 632 0.2328 workplace
633 633 0.2325 workplace
634 634 0.2321 workplace
635 635 0.2318 workplace
636 636 0.2314 workplace
637 637 0.2311 workplace
638 638 0.2307 workplace
639 639 0.2304 workplace
640 640 0.2301 workplace
641 641 0.2298 workplace
642 642 0.2294 workplace
643 643 0.2291 workplace
644 644 0.2288 workplace
645 645 0.2285 workplace
646 646 0.2282 workplace
647 647 0.2279 workplace
648 648 0.2277 workplace
649 649 0.2274 workplace
650 650 0.2271 workplace
651 651 0.2268 workplace
652 652 0.2266 workplace
653 653 0.2263 workplace
654 654 0.2260 workplace
655 655 0.2258 workplace
656 656 0.2255 workplace
657 657 0.2253 workplace
658 658 0.2250 workplace
659 659 0.2248 workplace
660 660 0.2245 workplace
661 661 0.2243 workplace
662 662 0.2241 workplace
663 663 0.2238 workplace
664 664 0.2236 workplace
665 665 0.2234 workplace
666 666 0.2232 workplace
667 667 0.2229 workplace
668 668 0.2227 workplace
669 669 0.2225 workplace
670 670 0.2223 workplace
671 671 0.2221 workplace
672 672 0.2219 workplace
673 673 0.2217 workplace
674 674 0.2214 workplace
675 675 0.2212 workplace
676 676 0.2210 workplace
677 677 0.2208 workplace
678 678 0.2206 workplace
679 679 0.2204 workplace
680 680 0.2202 workplace
681 681 0.2200 workplace
682 682 0.2198 workplace
683 683 0.2197 workplace
684 684 0.2195 workplace
685 685 0.2193 workplace
686 686 0.2191 workplace
687 687 0.2189 workplace
688 688 0.2187 workplace
689 689 0.2185 workplace
690 690 0.2183 workplace
691 691 0.2181 workplace
692 692 0.2179 workplace
693 693 0.2177 workplace
694 694 0.2176 workplace
695 695 0.2174 workplace
696 696 0.2172 workplace
697 697 0.2170 workplace
698 698 0.2168 workplace
699 699 0.2166 workplace
700 700 0.2164 workplace
701 701 0.2162 workplace
702 702 0.2160 workplace
703 703 0.2158 workplace
704 704 0.2157 workplace
705 705 0.2155 workplace
706 706 0.2153 workplace
707 707 0.2151 workplace
708 708 0.2149 workplace
709 709 0.2147 workplace
710 710 0.2145 workplace
711 711 0.2143 workplace
712 712 0.2141 workplace
713 713 0.2139 workplace
714 714 0.2138 workplace
715 715 0.2136 workplace
716 716 0.2134 workplace
717 717 0.2132 workplace
718 718 0.2130 workplace
719 719 0.2128 workplace
720 720 0.2126 workplace
721 721 0.2124 workplace
722 722 0.2122 workplace
723 723 0.2120 workplace
724 724 0.2119 workplace
725 725 0.2117 workplace
726 726 0.2115 workplace
727 727 0.2113 workplace
728 728 0.2111 workplace
729 729 0.2109 workplace
730 730 0.2107 workplace
731 731 0.2105 workplace
732 732 0.2103 workplace
733 733 0.2101 workplace
734 734 0.2100 workplace
735 735 0.2098 workplace
736 736 0.2096 workplace
737 737 0.2094 workplace
738 738 0.2092 workplace
739 739 0.2090 workplace
740 740 0.2088 workplace
741 741 0.2086 workplace
742 742 0.2084 workplace
743 743 0.2082 workplace
744 744 0.2081 workplace
745 745 0.2079 workplace
746 746 0.2077 workplace
747 747 0.2075 workplace
748 748 0.2073 workplace
749 749 0.2071 workplace
750 750 0.2069 workplace
751 751 0.2067 workplace
752 752 0.2065 workplace
753 753 0.2063 workplace
754 754 0.2062 workplace
755 755 0.2060 workplace
756 756 0.2058 workplace
757 757 0.2056 workplace
758 758 0.2054 workplace
759 759 0.2052 workplace
760 760 0.2050 workplace
761 761 0.2048 workplace
762 762 0.2046 workplace
763 763 0.2044 workplace
764 764 0.2043 workplace
765 765 0.2041 workplace
766 766 0.2039 workplace
767 767 0.2037 workplace
768 768 0.2035 workplace
769 769 0.2033 workplace
770 770 0.2031 workplace
771 771 0.2029 workplace
772 772 0.2027 workplace
773 773 0.2025 workplace
774 774 0.2024 workplace
775 775 0.2022 workplace
776 776 0.2020 workplace
777 777 0.2018 workplace
778 778 0.2016 workplace
779 779 0.2014 workplace
780 780 0.2012 workplace
781 781 0.2010 workplace
782 782 0.2008 workplace
783 783 0.2006 workplace
784 784 0.2005 workplace
785 785 0.2003 workplace
786 786 0.2001 workplace
787 787 0.1999 workplace
788 788 0.1997 workplace
789 789 0.1995 workplace
790 790 0.1993 workplace
791 791 0.1991 workplace
792 792 0.1989 workplace
793 793 0.1987 workplace
794 794 0.1986 workplace
795 795 0.1984 workplace
796 796 0.1982 workplace
797 797 0.1980 workplace
798 798 0.1978 workplace
799 799 0.1976 workplace
800 800 0.1974 workplace
801 801 0.1972 workplace
802 802 0.1970 workplace
803 803 0.1968 workplace
804 804 0.1967 workplace
805 805 0.1965 workplace
806 806 0.1963 workplace
807 807 0.1961 workplace
808 808 0.1959 workplace
809 809 0.1957 workplace
810 810 0.1955 workplace
811 811 0.1953 workplace
812 812 0.1951 workplace
813 813 0.1949 workplace
814 814 0.1948 workplace
815 815 0.1946 workplace
4 4 0.0000 office
5 5 0.0000 office
6 6 0.0000 office
7 7 0.0001 office
8 8 0.0007 office
9 9 0.0013 office
10 10 0.0019 office
11 11 0.0026 office
12 12 0.0032 office
13 13 0.0038 office
14 14 0.0044 office
15 15 0.0050 office
16 16 0.0056 office
17 17 0.0062 office
18 18 0.0069 office
19 19 0.0075 office
20 20 0.0081 office
21 21 0.0088 office
22 22 0.0094 office
23 23 0.0101 office
24 24 0.0107 office
25 25 0.0114 office
26 26 0.0121 office
27 27 0.0128 office
28 28 0.0136 office
29 29 0.0143 office
30 30 0.0151 office
31 31 0.0160 office
32 32 0.0169 office
33 33 0.0178 office
34 34 0.0187 office
35 35 0.0197 office
36 36 0.0208 office
37 37 0.0219 office
38 38 0.0231 office
39 39 0.0244 office
40 40 0.0257 office
41 41 0.0271 office
42 42 0.0286 office
43 43 0.0302 office
44 44 0.0319 office
45 45 0.0336 office
46 46 0.0355 office
47 47 0.0374 office
48 48 0.0395 office
49 49 0.0416 office
50 50 0.0439 office
51 51 0.0463 office
52 52 0.0488 office
53 53 0.0514 office
54 54 0.0541 office
55 55 0.0569 office
56 56 0.0598 office
57 57 0.0628 office
58 58 0.0659 office
59 59 0.0692 office
60 60 0.0725 office
61 61 0.0759 office
62 62 0.0794 office
63 63 0.0830 office
64 64 0.0867 office
65 65 0.0904 office
66 66 0.0942 office
67 67 0.0980 office
68 68 0.1019 office
69 69 0.1058 office
70 70 0.1097 office
71 71 0.1137 office
72 72 0.1177 office
73 73 0.1216 office
74 74 0.1256 office
75 75 0.1295 office
76 76 0.1335 office
77 77 0.1373 office
78 78 0.1412 office
79 79 0.1449 office
80 80 0.1487 office
81 81 0.1523 office
82 82 0.1559 office
83 83 0.1594 office
84 84 0.1628 office
85 85 0.1661 office
86 86 0.1693 office
87 87 0.1724 office
88 88 0.1754 office
89 89 0.1783 office
90 90 0.1811 office
91 91 0.1838 office
92 92 0.1863 office
93 93 0.1888 office
94 94 0.1911 office
95 95 0.1934 office
96 96 0.1955 office
97 97 0.1975 office
98 98 0.1995 office
99 99 0.2013 office
100 100 0.2031 office
101 101 0.2048 office
102 102 0.2064 office
103 103 0.2079 office
104 104 0.2094 office
105 105 0.2108 office
106 106 0.2122 office
107 107 0.2135 office
108 108 0.2148 office
109 109 0.2161 office
110 110 0.2173 office
111 111 0.2186 office
112 112 0.2198 office
113 113 0.2210 office
114 114 0.2222 office
115 115 0.2234 office
116 116 0.2246 office
117 117 0.2259 office
118 118 0.2271 office
119 119 0.2284 office
120 120 0.2297 office
121 121 0.2311 office
122 122 0.2324 office
123 123 0.2339 office
124 124 0.2353 office
125 125 0.2368 office
126 126 0.2383 office
127 127 0.2398 office
128 128 0.2413 office
129 129 0.2429 office
130 130 0.2446 office
131 131 0.2462 office
132 132 0.2479 office
133 133 0.2496 office
134 134 0.2513 office
135 135 0.2531 office
136 136 0.2548 office
137 137 0.2566 office
138 138 0.2583 office
139 139 0.2601 office
140 140 0.2619 office
141 141 0.2637 office
142 142 0.2655 office
143 143 0.2672 office
144 144 0.2690 office
145 145 0.2708 office
146 146 0.2725 office
147 147 0.2742 office
148 148 0.2759 office
149 149 0.2776 office
150 150 0.2793 office
151 151 0.2809 office
152 152 0.2825 office
153 153 0.2841 office
154 154 0.2857 office
155 155 0.2872 office
156 156 0.2887 office
157 157 0.2902 office
158 158 0.2917 office
159 159 0.2931 office
160 160 0.2945 office
161 161 0.2959 office
162 162 0.2973 office
163 163 0.2986 office
164 164 0.3000 office
165 165 0.3013 office
166 166 0.3025 office
167 167 0.3038 office
168 168 0.3050 office
169 169 0.3063 office
170 170 0.3075 office
171 171 0.3087 office
172 172 0.3099 office
173 173 0.3110 office
174 174 0.3122 office
175 175 0.3133 office
176 176 0.3145 office
177 177 0.3156 office
178 178 0.3167 office
179 179 0.3179 office
180 180 0.3190 office
181 181 0.3201 office
182 182 0.3212 office
183 183 0.3223 office
184 184 0.3234 office
185 185 0.3245 office
186 186 0.3256 office
187 187 0.3267 office
188 188 0.3278 office
189 189 0.3289 office
190 190 0.3300 office
191 191 0.3311 office
192 192 0.3322 office
193 193 0.3333 office
194 194 0.3345 office
195 195 0.3345 office
196 196 0.3345 office
197 197 0.3345 office
198 198 0.3345 office
199 199 0.3345 office
200 200 0.3345 office
201 201 0.3345 office
202 202 0.3345 office
203 203 0.3345 office
204 204 0.3345 office
205 205 0.3345 office
206 206 0.3345 office
207 207 0.3345 office
208 208 0.3345 office
209 209 0.3345 office
210 210 0.3345 office
211 211 0.3345 office
212 212 0.3345 office
213 213 0.3345 office
214 214 0.3345 office
215 215 0.3345 office
216 216 0.3345 office
217 217 0.3345 office
218 218 0.3345 office
219 219 0.3345 office
220 220 0.3345 office
221 221 0.3345 office
222 222 0.3345 office
223 223 0.3345 office
224 224 0.3345 office
225 225 0.3345 office
226 226 0.3345 office
227 227 0.3345 office
228 228 0.3345 office
229 229 0.3345 office
230 230 0.3345 office
231 231 0.3345 office
232 232 0.3345 office
233 233 0.3345 office
234 234 0.3345 office
235 235 0.3345 office
236 236 0.3345 office
237 237 0.3345 office
238 238 0.3345 office
239 239 0.3345 office
240 240 0.3345 office
241 241 0.3345 office
242 242 0.3345 office
243 243 0.3345 office
244 244 0.3345 office
245 245 0.3345 office
246 246 0.3345 office
247 247 0.3345 office
248 248 0.3345 office
249 249 0.3345 office
250 250 0.3345 office
251 251 0.3345 office
252 252 0.3345 office
253 253 0.3345 office
254 254 0.3345 office
255 255 0.3345 office
256 256 0.3345 office
257 257 0.3345 office
258 258 0.3345 office
259 259 0.3345 office
260 260 0.3345 office
261 261 0.3345 office
262 262 0.3345 office
263 263 0.3345 office
264 264 0.3345 office
265 265 0.3345 office
266 266 0.3345 office
267 267 0.3345 office
268 268 0.3345 office
269 269 0.3345 office
270 270 0.3345 office
271 271 0.3345 office
272 272 0.3345 office
273 273 0.3345 office
274 274 0.3345 office
275 275 0.3345 office
276 276 0.3345 office
277 277 0.3345 office
278 278 0.3345 office
279 279 0.3345 office
280 280 0.3345 office
281 281 0.3345 office
282 282 0.3345 office
283 283 0.3345 office
284 284 0.3345 office
285 285 0.3345 office
286 286 0.3345 office
287 287 0.3345 office
288 288 0.3345 office
289 289 0.3345 office
290 290 0.3345 office
291 291 0.3345 office
292 292 0.3345 office
293 293 0.3345 office
294 294 0.3345 office
295 295 0.3345 office
296 296 0.3345 office
297 297 0.3345 office
298 298 0.3345 office
299 299 0.3345 office
300 300 0.3345 office
301 301 0.3345 office
302 302 0.3345 office
303 303 0.3345 office
304 304 0.3345 office
305 305 0.3345 office
306 306 0.3345 office
307 307 0.3345 office
308 308 0.3345 office
309 309 0.3345 office
310 310 0.3345 office
311 311 0.3345 office
312 312 0.3345 office
313 313 0.3345 office
314 314 0.3345 office
315 315 0.3345 office
316 316 0.3345 office
317 317 0.3345 office
318 318 0.3345 office
319 319 0.3345 office
320 320 0.3345 office
321 321 0.3345 office
322 322 0.3345 office
323 323 0.3345 office
324 324 0.3345 office
325 325 0.3345 office
326 326 0.3345 office
327 327 0.3345 office
328 328 0.3345 office
329 329 0.3345 office
330 330 0.3345 office
331 331 0.3345 office
332 332 0.3345 office
333 333 0.3345 office
334 334 0.3345 office
335 335 0.3345 office
336 336 0.3345 office
337 337 0.3345 office
338 338 0.3345 office
339 339 0.3345 office
340 340 0.3345 office
341 341 0.3345 office
342 342 0.3345 office
343 343 0.3345 office
344 344 0.3345 office
345 345 0.3345 office
346 346 0.3345 office
347 347 0.3345 office
348 348 0.3345 office
349 349 0.3345 office
350 350 0.3345 office
351 351 0.3345 office
352 352 0.3345 office
353 353 0.3345 office
354 354 0.3345 office
355 355 0.3345 office
356 356 0.3345 office
357 357 0.3345 office
358 358 0.3345 office
359 359 0.3345 office
360 360 0.3345 office
361 361 0.3345 office
362 362 0.3345 office
363 363 0.3345 office
364 364 0.3345 office
365 365 0.3345 office
366 366 0.3345 office
367 367 0.3345 office
368 368 0.3345 office
369 369 0.3345 office
370 370 0.3345 office
371 371 0.3345 office
372 372 0.3345 office
373 373 0.3345 office
374 374 0.3345 office
375 375 0.3345 office
376 376 0.3345 office
377 377 0.3345 office
378 378 0.3345 office
379 379 0.3345 office
380 380 0.3345 office
381 381 0.3345 office
382 382 0.3345 office
383 383 0.3345 office
384 384 0.3345 office
385 385 0.3345 office
386 386 0.3345 office
387 387 0.3345 office
388 388 0.3345 office
389 389 0.3345 office
390 390 0.3345 office
391 391 0.3345 office
392 392 0.3345 office
393 393 0.3345 office
394 394 0.3345 office
395 395 0.3345 office
396 396 0.3345 office
397 397 0.3345 office
398 398 0.3345 office
399 399 0.3345 office
400 400 0.3345 office
401 401 0.3345 office
402 402 0.3345 office
403 403 0.3345 office
404 404 0.3345 office
405 405 0.3345 office
406 406 0.3345 office
407 407 0.3345 office
408 408 0.3345 office
409 409 0.3345 office
410 410 0.3345 office
411 411 0.3345 office
412 412 0.3345 office
413 413 0.3345 office
414 414 0.3345 office
415 415 0.3345 office
416 416 0.3344 office
417 417 0.3342 office
418 418 0.3340 office
419 419 0.3338 office
420 420 0.3337 office
421 421 0.3335 office
422 422 0.3333 office
423 423 0.3331 office
424 424 0.3330 office
425 425 0.3328 office
426 426 0.3326 office
427 427 0.3325 office
428 428 0.3323 office
429 429 0.3321 office
430 430 0.3319 office
431 431 0.3318 office
432 432 0.3316 office
433 433 0.3314 office
434 434 0.3313 office
435 435 0.3311 office
436 436 0.3309 office
437 437 0.3308 office
438 438 0.3306 office
439 439 0.3304 office
440 440 0.3303 office
441 441 0.3301 office
442 442 0.3299 office
443 443 0.3297 office
444 444 0.3296 office
445 445 0.3294 office
446 446 0.3292 office
447 447 0.3291 office
448 448 0.3289 office
449 449 0.3287 office
450 450 0.3285 office
451 451 0.3283 office
452 452 0.3282 office
453 453 0.3280 office
454 454 0.3278 office
455 455 0.3276 office
456 456 0.3274 office
457 457 0.3272 office
458 458 0.3270 office
459 459 0.3268 office
460 460 0.3266 office
461 461 0.3264 office
462 462 0.3262 office
463 463 0.3260 office
464 464 0.3258 office
465 465 0.3255 office
466 466 0.3253 office
467 467 0.3251 office
468 468 0.3249 office
469 469 0.3246 office
470 470 0.3244 office
471 471 0.3241 office
472 472 0.3239 office
473 473 0.3236 office
474 474 0.3233 office
475 475 0.3231 office
476 476 0.3228 office
477 477 0.3225 office
478 478 0.3222 office
479 479 0.3219 office
480 480 0.3216 office
481 481 0.3213 office
482 482 0.3210 office
483 483 0.3207 office
484 484 0.3203 office
485 485 0.3200 office
486 486 0.3197 office
487 487 0.3193 office
488 488 0.3190 office
489 489 0.3186 office
490 490 0.3182 office
491 491 0.3178 office
492 492 0.3174 office
493 493 0.3170 office
494 494 0.3166 office
495 495 0.3162 office
496 496 0.3158 office
497 497 0.3154 office
498 498 0.3149 office
499 499 0.3145 office
500 500 0.3141 office
501 501 0.3136 office
502 502 0.3131 office
503 503 0.3127 office
504 504 0.3122 office
505 505 0.3117 office
506 506 0.3112 office
507 507 0.3107 office
508 508 0.3102 office
509 509 0.3097 office
510 510 0.3091 office
511 511 0.3086 office
512 512 0.3081 office
513 513 0.3075 office
514 514 0.3070 office
515 515 0.3064 office
516 516 0.3058 office
517 517 0.3053 office
518 518 0.3047 office
519 519 0.3041 office
520 520 0.3035 office
521 521 0.3029 office
522 522 0.3023 office
523 523 0.3017 office
524 524 0.3011 office
525 525 0.3004 office
526 526 0.2998 office
527 527 0.2992 office
528 528 0.2985 office
529 529 0.2979 office
530 530 0.2972 office
531 531 0.2966 office
532 532 0.2959 office
533 533 0.2953 office
534 534 0.2946 office
535 535 0.2939 office
536 536 0.2932 office
537 537 0.2925 office
538 538 0.2919 office
539 539 0.2912 office
540 540 0.2905 office
541 541 0.2898 office
542 542 0.2891 office
543 543 0.2884 office
544 544 0.2877 office
545 545 0.2870 office
546 546 0.2862 office
547 547 0.2855 office
548 548 0.2848 office
549 549 0.2841 office
550 550 0.2834 office
551 551 0.2826 office
552 552 0.2819 office
553 553 0.2812 office
554 554 0.2805 office
555 555 0.2797 office
556 556 0.2790 office
557 557 0.2783 office
558 558 0.2775 office
559 559 0.2768 office
560 560 0.2761 office
561 561 0.2753 office
562 562 0.2746 office
563 563 0.2738 office
564 564 0.2731 office
565 565 0.2724 office
566 566 0.2716 office
567 567 0.2709 office
568 568 0.2701 office
569 569 0.2694 office
570 570 0.2687 office
571 571 0.2679 office
572 572 0.2672 office
573 573 0.2665 office
574 574 0.2657 office
575 575 0.2650 office
576 576 0.2643 office
577 577 0.2636 office
578 578 0.2629 office
579 579 0.2621 office
580 580 0.2614 office
581 581 0.2607 office
582 582 0.2600 office
583 583 0.2593 office
584 584 0.2586 office
585 585 0.2579 office
586 586 0.2572 office
587 587 0.2566 office
588 588 0.2559 office
589 589 0.2552 office
590 590 0.2545 office
591 591 0.2539 office
592 592 0.2532 office
593 593 0.2526 office
594 594 0.2519 office
595 595 0.2513 office
596 596 0.2507 office
597 597 0.2500 office
598 598 0.2494 office
599 599 0.2488 office
600 600 0.2482 office
601 601 0.2476 office
602 602 0.2470 office
603 603 0.2464 office
604 604 0.2459 office
605 605 0.2453 office
606 606 0.2447 office
607 607 0.2442 office
608 608 0.2436 office
609 609 0.2431 office
610 610 0.2426 office
611 611 0.2421 office
612 612 0.2415 office
613 613 0.2410 office
614 614 0.2405 office
615 615 0.2401 office
616 616 0.2396 office
617 617 0.2391 office
618 618 0.2386 office
619 619 0.2382 office
620 620 0.2377 office
621 621 0.2373 office
622 622 0.2368 office
623 623 0.2364 office
624 624 0.2360 office
625 625 0.2356 office
626 626 0.2352 office
627 627 0.2348 office
628 628 0.2344 office
629 629 0.2340 office
630 630 0.2336 office
631 631 0.2332 office
632 632 0.2328 office
633 633 0.2325 office
634 634 0.2321 office
635 635 0.2318 office
636 636 0.2314 office
637 637 0.2311 office
638 638 0.2307 office
639 639 0.2304 office
640 640 0.2301 office
641 641 0.2298 office
642 642 0.2294 office
643 643 0.2291 office
644 644 0.2288 office
645 645 0.2285 office
646 646 0.2282 office
647 647 0.2279 office
648 648 0.2277 office
649 649 0.2274 office
650 650 0.2271 office
651 651 0.2268 office
652 652 0.2266 office
653 653 0.2263 office
654 654 0.2260 office
655 655 0.2258 office
656 656 0.2255 office
657 657 0.2253 office
658 658 0.2250 office
659 659 0.2248 office
660 660 0.2245 office
661 661 0.2243 office
662 662 0.2241 office
663 663 0.2238 office
664 664 0.2236 office
665 665 0.2234 office
666 666 0.2232 office
667 667 0.2229 office
668 668 0.2227 office
669 669 0.2225 office
670 670 0.2223 office
671 671 0.2221 office
672 672 0.2219 office
673 673 0.2217 office
674 674 0.2214 office
675 675 0.2212 office
676 676 0.2210 office
677 677 0.2208 office
678 678 0.2206 office
679 679 0.2204 office
680 680 0.2202 office
681 681 0.2200 office
682 682 0.2198 office
683 683 0.2197 office
684 684 0.2195 office
685 685 0.2193 office
686 686 0.2191 office
687 687 0.2189 office
688 688 0.2187 office
689 689 0.2185 office
690 690 0.2183 office
691 691 0.2181 office
692 692 0.2179 office
693 693 0.2177 office
694 694 0.2176 office
695 695 0.2174 office
696 696 0.2172 office
697 697 0.2170 office
698 698 0.2168 office
699 699 0.2166 office
700 700 0.2164 office
701 701 0.2162 office
702 702 0.2160 office
703 703 0.2158 office
704 704 0.2157 office
705 705 0.2155 office
706 706 0.2153 office
707 707 0.2151 office
708 708 0.2149 office
709 709 0.2147 office
710 710 0.2145 office
711 711 0.2143 office
712 712 0.2141 office
713 713 0.2139 office
714 714 0.2138 office
715 715 0.2136 office
716 716 0.2134 office
717 717 0.2132 office
718 718 0.2130 office
719 719 0.2128 office
720 720 0.2126 office
721 721 0.2124 office
722 722 0.2122 office
723 723 0.2120 office
724 724 0.2119 office
725 725 0.2117 office
726 726 0.2115 office
727 727 0.2113 office
728 728 0.2111 office
729 729 0.2109 office
730 730 0.2107 office
731 731 0.2105 office
732 732 0.2103 office
733 733 0.2101 office
734 734 0.2100 office
735 735 0.2098 office
736 736 0.2096 office
737 737 0.2094 office
738 738 0.2092 office
739 739 0.2090 office
740 740 0.2088 office
741 741 0.2086 office
742 742 0.2084 office
743 743 0.2082 office
744 744 0.2081 office
745 745 0.2079 office
746 746 0.2077 office
747 747 0.2075 office
748 748 0.2073 office
749 749 0.2071 office
750 750 0.2069 office
751 751 0.2067 office
752 752 0.2065 office
753 753 0.2063 office
754 754 0.2062 office
755 755 0.2060 office
756 756 0.2058 office
757 757 0.2056 office
758 758 0.2054 office
759 759 0.2052 office
760 760 0.2050 office
761 761 0.2048 office
762 762 0.2046 office
763 763 0.2044 office
764 764 0.2043 office
765 765 0.2041 office
766 766 0.2039 office
767 767 0.2037 office
768 768 0.2035 office
769 769 0.2033 office
770 770 0.2031 office
771 771 0.2029 office
772 772 0.2027 office
773 773 0.2025 office
774 774 0.2024 office
775 775 0.2022 office
776 776 0.2020 office
777 777 0.2018 office
778 778 0.2016 office
779 779 0.2014 office
780 780 0.2012 office
781 781 0.2010 office
782 782 0.2008 office
783 783 0.2006 office
784 784 0.2005 office
785 785 0.2003 office
786 786 0.2001 office
787 787 0.1999 office
788 788 0.1997 office
789 789 0.1995 office
790 790 0.1993 office
791 791 0.1991 office
792 792 0.1989 office
793 793 0.1987 office
794 794 0.1986 office
795 795 0.1984 office
796 796 0.1982 office
797 797 0.1980 office
798 798 0.1978 office
799 799 0.1976 office
800 800 0.1974 office
801 801 0.1972 office
802 802 0.1970 office
803 803 0.1968 office
804 804 0.1967 office
805 805 0.1965 office
806 806 0.1963 office
807 807 0.1961 office
808 808 0.1959 office
809 809 0.1957 office
810 810 0.1955 office
811 811 0.1953 office
812 812 0.1951 office
813 813 0.1949 office
814 814 0.1948 office
815 815 0.1946 office
4 4 0.0000 other
5 5 0.0000 other
6 6 0.0000 other
7 7 0.0001 other
8 8 0.0007 other
9 9 0.0013 other
10 10 0.0019 other
11 11 0.0026 other
12 12 0.0032 other
13 13 0.0038 other
14 14 0.0044 other
15 15 0.0050 other
16 16 0.0056 other
17 17 0.0062 other
18 18 0.0069 other
19 19 0.0075 other
20 20 0.0081 other
21 21 0.0088 other
22 22 0.0094 other
23 23 0.0101 other
24 24 0.0107 other
25 25 0.0114 other
26 26 0.0121 other
27 27 0.0128 other
28 28 0.0136 other
29 29 0.0143 other
30 30 0.0151 other
31 31 0.0160 other
32 32 0.0169 other
33 33 0.0178 other
34 34 0.0187 other
35 35 0.0197 other
36 36 0.0208 other
37 37 0.0219 other
38 38 0.0231 other
39 39 0.0244 other
40 40 0.0257 other
41 41 0.0271 other
42 42 0.0286 other
43 43 0.0302 other
44 44 0.0319 other
45 45 0.0336 other
46 46 0.0355 other
47 47 0.0374 other
48 48 0.0395 other
49 49 0.0416 other
50 50 0.0439 other
51 51 0.0463 other
52 52 0.0488 other
53 53 0.0514 other
54 54 0.0541 other
55 55 0.0569 other
56 56 0.0598 other
57 57 0.0628 other
58 58 0.0659 other
59 59 0.0692 other
60 60 0.0725 other
61 61 0.0759 other
62 62 0.0794 other
63 63 0.0830 other
64 64 0.0867 other
65 65 0.0904 other
66 66 0.0942 other
67 67 0.0980 other
68 68 0.1019 other
69 69 0.1058 other
70 70 0.1097 other
71 71 0.1137 other
72 72 0.1177 other
73 73 0.1216 other
74 74 0.1256 other
75 75 0.1295 other
76 76 0.1335 other
77 77 0.1373 other
78 78 0.1412 other
79 79 0.1449 other
80 80 0.1487 other
81 81 0.1523 other
82 82 0.1559 other
83 83 0.1594 other
84 84 0.1628 other
85 85 0.1661 other
86 86 0.1693 other
87 87 0.1724 other
88 88 0.1754 other
89 89 0.1783 other
90 90 0.1811 other
91 91 0.1838 other
92 92 0.1863 other
93 93 0.1888 other
94 94 0.1911 other
95 95 0.1934 other
96 96 0.1955 other
97 97 0.1975 other
98 98 0.1995 other
99 99 0.2013 other
100 100 0.2031 other
101 101 0.2048 other
102 102 0.2064 other
103 103 0.2079 other
104 104 0.2094 other
105 105 0.2108 other
106 106 0.2122 other
107 107 0.2135 other
108 108 0.2148 other
109 109 0.2161 other
110 110 0.2173 other
111 111 0.2186 other
112 112 0.2198 other
113 113 0.2210 other
114 114 0.2222 other
115 115 0.2234 other
116 116 0.2246 other
117 117 0.2259 other
118 118 0.2271 other
119 119 0.2284 other
120 120 0.2297 other
121 121 0.2311 other
122 122 0.2324 other
123 123 0.2339 other
124 124 0.2353 other
125 125 0.2368 other
126 126 0.2383 other
127 127 0.2398 other
128 128 0.2413 other
129 129 0.2429 other
130 130 0.2446 other
131 131 0.2462 other
132 132 0.2479 other
133 133 0.2496 other
134 134 0.2513 other
135 135 0.2531 other
136 136 0.2548 other
137 137 0.2566 other
138 138 0.2583 other
139 139 0.2601 other
140 140 0.2619 other
141 141 0.2637 other
142 142 0.2655 other
143 143 0.2672 other
144 144 0.2690 other
145 145 0.2708 other
146 146 0.2725 other
147 147 0.2742 other
148 148 0.2759 other
149 149 0.2776 other
150 150 0.2793 other
151 151 0.2809 other
152 152 0.2825 other
153 153 0.2841 other
154 154 0.2857 other
155 155 0.2872 other
156 156 0.2887 other
157 157 0.2902 other
158 158 0.2917 other
159 159 0.2931 other
160 160 0.2945 other
161 161 0.2959 other
162 162 0.2973 other
163 163 0.2986 other
164 164 0.3000 other
165 165 0.3013 other
166 166 0.3025 other
167 167 0.3038 other
168 168 0.3050 other
169 169 0.3063 other
170 170 0.3075 other
171 171 0.3087 other
172 172 0.3099 other
173 173 0.3110 other
174 174 0.3122 other
175 175 0.3133 other
176 176 0.3145 other
177 177 0.3156 other
178 178 0.3167 other
179 179 0.3179 other
180 180 0.3190 other
181 181 0.3201 other
182 182 0.3212 other
183 183 0.3223 other
184 184 0.3234 other
185 185 0.3245 other
186 186 0.3256 other
187 187 0.3267 other
188 188 0.3278 other
189 189 0.3289 other
190 190 0.3300 other
191 191 0.3311 other
192 192 0.3322 other
193 193 0.3333 other
194 194 0.3345 other
195 195 0.3345 other
196 196 0.3345 other
197 197 0.3345 other
198 198 0.3345 other
199 199 0.3345 other
200 200 0.3345 other
201 201 0.3345 other
202 202 0.3345 other
203 203 0.3345 other
204 204 0.3345 other
205 205 0.3345 other
206 206 0.3345 other
207 207 0.3345 other
208 208 0.3345 other
209 209 0.3345 other
210 210 0.3345 other
211 211 0.3345 other
212 212 0.3345 other
213 213 0.3345 other
214 214 0.3345 other
215 215 0.3345 other
216 216 0.3345 other
217 217 0.3345 other
218 218 0.3345 other
219 219 0.3345 other
220 220 0.3345 other
221 221 0.3345 other
222 222 0.3345 other
223 223 0.3345 other
224 224 0.3345 other
225 225 0.3345 other
226 226 0.3345 other
227 227 0.3345 other
228 228 0.3345 other
229 229 0.3345 other
230 230 0.3345 other
231 231 0.3345 other
232 232 0.3345 other
233 233 0.3345 other
234 234 0.3345 other
235 235 0.3345 other
236 236 0.3345 other
237 237 0.3345 other
238 238 0.3345 other
239 239 0.3345 other
240 240 0.3345 other
241 241 0.3345 other
242 242 0.3345 other
243 243 0.3345 other
244 244 0.3345 other
245 245 0.3345 other
246 246 0.3345 other
247 247 0.3345 other
248 248 0.3345 other
249 249 0.3345 other
250 250 0.3345 other
251 251 0.3345 other
252 252 0.3345 other
253 253 0.3345 other
254 254 0.3345 other
255 255 0.3345 other
256 256 0.3345 other
257 257 0.3345 other
258 258 0.3345 other
259 259 0.3345 other
260 260 0.3345 other
261 261 0.3345 other
262 262 0.3345 other
263 263 0.3345 other
264 264 0.3345 other
265 265 0.3345 other
266 266 0.3345 other
267 267 0.3345 other
268 268 0.3345 other
269 269 0.3345 other
270 270 0.3345 other
271 271 0.3345 other
272 272 0.3345 other
273 273 0.3345 other
274 274 0.3345 other
275 275 0.3345 other
276 276 0.3345 other
277 277 0.3345 other
278 278 0.3345 other
279 279 0.3345 other
280 280 0.3345 other
281 281 0.3345 other
282 282 0.3345 other
283 283 0.3345 other
284 284 0.3345 other
285 285 0.3345 other
286 286 0.3345 other
287 287 0.3345 other
288 288 0.3345 other
289 289 0.3345 other
290 290 0.3345 other
291 291 0.3345 other
292 292 0.3345 other
293 293 0.3345 other
294 294 0.3345 other
295 295 0.3345 other
296 296 0.3345 other
297 297 0.3345 other
298 298 0.3345 other
299 299 0.3345 other
300 300 0.3345 other
301 301 0.3345 other
302 302 0.3345 other
303 303 0.3345 other
304 304 0.3345 other
305 305 0.3345 other
306 306 0.3345 other
307 307 0.3345 other
308 308 0.3345 other
309 309 0.3345 other
310 310 0.3345 other
311 311 0.3345 other
312 312 0.3345 other
313 313 0.3345 other
314 314 0.3345 other
315 315 0.3345 other
316 316 0.3345 other
317 317 0.3345 other
318 318 0.3345 other
319 319 0.3345 other
320 320 0.3345 other
321 321 0.3345 other
322 322 0.3345 other
323 323 0.3345 other
324 324 0.3345 other
325 325 0.3345 other
326 326 0.3345 other
327 327 0.3345 other
328 328 0.3345 other
329 329 0.3345 other
330 330 0.3345 other
331 331 0.3345 other
332 332 0.3345 other
333 333 0.3345 other
334 334 0.3345 other
335 335 0.3345 other
336 336 0.3345 other
337 337 0.3345 other
338 338 0.3345 other
339 339 0.3345 other
340 340 0.3345 other
341 341 0.3345 other
342 342 0.3345 other
343 343 0.3345 other
344 344 0.3345 other
345 345 0.3345 other
346 346 0.3345 other
347 347 0.3345 other
348 348 0.3345 other
349 349 0.3345 other
350 350 0.3345 other
351 351 0.3345 other
352 352 0.3345 other
353 353 0.3345 other
354 354 0.3345 other
355 355 0.3345 other
356 356 0.3345 other
357 357 0.3345 other
358 358 0.3345 other
359 359 0.3345 other
360 360 0.3345 other
361 361 0.3345 other
362 362 0.3345 other
363 363 0.3345 other
364 364 0.3345 other
365 365 0.3345 other
366 366 0.3345 other
367 367 0.3345 other
368 368 0.3345 other
369 369 0.3345 other
370 370 0.3345 other
371 371 0.3345 other
372 372 0.3345 other
373 373 0.3345 other
374 374 0.3345 other
375 375 0.3345 other
376 376 0.3345 other
377 377 0.3345 other
378 378 0.3345 other
379 379 0.3345 other
380 380 0.3345 other
381 381 0.3345 other
382 382 0.3345 other
383 383 0.3345 other
384 384 0.3345 other
385 385 0.3345 other
386 386 0.3345 other
387 387 0.3345 other
388 388 0.3345 other
389 389 0.3345 other
390 390 0.3345 other
391 391 0.3345 other
392 392 0.3345 other
393 393 0.3345 other
394 394 0.3345 other
395 395 0.3345 other
396 396 0.3345 other
397 397 0.3345 other
398 398 0.3345 other
399 399 0.3345 other
400 400 0.3345 other
401 401 0.3345 other
402 402 0.3345 other
403 403 0.3345 other
404 404 0.3345 other
405 405 0.3345 other
406 406 0.3345 other
407 407 0.3345 other
408 408 0.3345 other
409 409 0.3345 other
410 410 0.3345 other
411 411 0.3345 other
412 412 0.3345 other
413 413 0.3345 other
414 414 0.3345 other
415 415 0.3345 other
416 416 0.3344 other
417 417 0.3342 other
418 418 0.3340 other
419 419 0.3338 other
420 420 0.3337 other
421 421 0.3335 other
422 422 0.3333 other
423 423 0.3331 other
424 424 0.3330 other
425 425 0.3328 other
426 426 0.3326 other
427 427 0.3325 other
428 428 0.3323 other
429 429 0.3321 other
430 430 0.3319 other
431 431 0.3318 other
432 432 0.3316 other
433 433 0.3314 other
434 434 0.3313 other
435 435 0.3311 other
436 436 0.3309 other
437 437 0.3308 other
438 438 0.3306 other
439 439 0.3304 other
440 440 0.3303 other
441 441 0.3301 other
442 442 0.3299 other
443 443 0.3297 other
444 444 0.3296 other
445 445 0.3294 other
446 446 0.3292 other
447 447 0.3291 other
448 448 0.3289 other
449 449 0.3287 other
450 450 0.3285 other
451 451 0.3283 other
452 452 0.3282 other
453 453 0.3280 other
454 454 0.3278 other
455 455 0.3276 other
456 456 0.3274 other
457 457 0.3272 other
458 458 0.3270 other
459 459 0.3268 other
460 460 0.3266 other
461 461 0.3264 other
462 462 0.3262 other
463 463 0.3260 other
464 464 0.3258 other
465 465 0.3255 other
466 466 0.3253 other
467 467 0.3251 other
468 468 0.3249 other
469 469 0.3246 other
470 470 0.3244 other
471 471 0.3241 other
472 472 0.3239 other
473 473 0.3236 other
474 474 0.3233 other
475 475 0.3231 other
476 476 0.3228 other
477 477 0.3225 other
478 478 0.3222 other
479 479 0.3219 other
480 480 0.3216 other
481 481 0.3213 other
482 482 0.3210 other
483 483 0.3207 other
484 484 0.3203 other
485 485 0.3200 other
486 486 0.3197 other
487 487 0.3193 other
488 488 0.3190 other
489 489 0.3186 other
490 490 0.3182 other
491 491 0.3178 other
492 492 0.3174 other
493 493 0.3170 other
494 494 0.3166 other
495 495 0.3162 other
496 496 0.3158 other
497 497 0.3154 other
498 498 0.3149 other
499 499 0.3145 other
500 500 0.3141 other
501 501 0.3136 other
502 502 0.3131 other
503 503 0.3127 other
504 504 0.3122 other
505 505 0.3117 other
506 506 0.3112 other
507 507 0.3107 other
508 508 0.3102 other
509 509 0.3097 other
510 510 0.3091 other
511 511 0.3086 other
512 512 0.3081 other
513 513 0.3075 other
514 514 0.3070 other
515 515 0.3064 other
516 516 0.3058 other
517 517 0.3053 other
518 518 0.3047 other
519 519 0.3041 other
520 520 0.3035 other
521 521 0.3029 other
522 522 0.3023 other
523 523 0.3017 other
524 524 0.3011 other
525 525 0.3004 other
526 526 0.2998 other
527 527 0.2992 other
528 528 0.2985 other
529 529 0.2979 other
530 530 0.2972 other
531 531 0.2966 other
532 532 0.2959 other
533 533 0.2953 other
534 534 0.2946 other
535 535 0.2939 other
536 536 0.2932 other
537 537 0.2925 other
538 538 0.2919 other
539 539 0.2912 other
540 540 0.2905 other
541 541 0.2898 other
542 542 0.2891 other
543 543 0.2884 other
544 544 0.2877 other
545 545 0.2870 other
546 546 0.2862 other
547 547 0.2855 other
548 548 0.2848 other
549 549 0.2841 other
550 550 0.2834 other
551 551 0.2826 other
552 552 0.2819 other
553 553 0.2812 other
554 554 0.2805 other
555 555 0.2797 other
556 556 0.2790 other
557 557 0.2783 other
558 558 0.2775 other
559 559 0.2768 other
560 560 0.2761 other
561 561 0.2753 other
562 562 0.2746 other
563 563 0.2738 other
564 564 0.2731 other
565 565 0.2724 other
566 566 0.2716 other
567 567 0.2709 other
568 568 0.2701 other
569 569 0.2694 other
570 570 0.2687 other
571 571 0.2679 other
572 572 0.2672 other
573 573 0.2665 other
574 574 0.2657 other
575 575 0.2650 other
576 576 0.2643 other
577 577 0.2636 other
578 578 0.2629 other
579 579 0.2621 other
580 580 0.2614 other
581 581 0.2607 other
582 582 0.2600 other
583 583 0.2593 other
584 584 0.2586 other
585 585 0.2579 other
586 586 0.2572 other
587 587 0.2566 other
588 588 0.2559 other
589 589 0.2552 other
590 590 0.2545 other
591 591 0.2539 other
592 592 0.2532 other
593 593 0.2526 other
594 594 0.2519 other
595 595 0.2513 other
596 596 0.2507 other
597 597 0.2500 other
598 598 0.2494 other
599 599 0.2488 other
600 600 0.2482 other
601 601 0.2476 other
602 602 0.2470 other
603 603 0.2464 other
604 604 0.2459 other
605 605 0.2453 other
606 606 0.2447 other
607 607 0.2442 other
608 608 0.2436 other
609 609 0.2431 other
610 610 0.2426 other
611 611 0.2421 other
612 612 0.2415 other
613 613 0.2410 other
614 614 0.2405 other
615 615 0.2401 other
616 616 0.2396 other
617 617 0.2391 other
618 618 0.2386 other
619 619 0.2382 other
620 620 0.2377 other
621 621 0.2373 other
622 622 0.2368 other
623 623 0.2364 other
624 624 0.2360 other
625 625 0.2356 other
626 626 0.2352 other
627 627 0.2348 other
628 628 0.2344 other
629 629 0.2340 other
630 630 0.2336 other
631 631 0.2332 other
632 632 0.2328 other
633 633 0.2325 other
634 634 0.2321 other
635 635 0.2318 other
636 636 0.2314 other
637 637 0.2311 other
638 638 0.2307 other
639 639 0.2304 other
640 640 0.2301 other
641 641 0.2298 other
642 642 0.2294 other
643 643 0.2291 other
644 644 0.2288 other
645 645 0.2285 other
646 646 0.2282 other
647 647 0.2279 other
648 648 0.2277 other
649 649 0.2274 other
650 650 0.2271 other
651 651 0.2268 other
652 652 0.2266 other
653 653 0.2263 other
654 654 0.2260 other
655 655 0.2258 other
656 656 0.2255 other
657 657 0.2253 other
658 658 0.2250 other
659 659 0.2248 other
660 660 0.2245 other
661 661 0.2243 other
662 662 0.2241 other
663 663 0.2238 other
664 664 0.2236 other
665 665 0.2234 other
666 666 0.2232 other
667 667 0.2229 other
668 668 0.2227 other
669 669 0.2225 other
670 670 0.2223 other
671 671 0.2221 other
672 672 0.2219 other
673 673 0.2217 other
674 674 0.2214 other
675 675 0.2212 other
676 676 0.2210 other
677 677 0.2208 other
678 678 0.2206 other
679 679 0.2204 other
680 680 0.2202 other
681 681 0.2200 other
682 682 0.2198 other
683 683 0.2197 other
684 684 0.2195 other
685 685 0.2193 other
686 686 0.2191 other
687 687 0.2189 other
688 688 0.2187 other
689 689 0.2185 other
690 690 0.2183 other
691 691 0.2181 other
692 692 0.2179 other
693 693 0.2177 other
694 694 0.2176 other
695 695 0.2174 other
696 696 0.2172 other
697 697 0.2170 other
698 698 0.2168 other
699 699 0.2166 other
700 700 0.2164 other
701 701 0.2162 other
702 702 0.2160 other
703 703 0.2158 other
704 704 0.2157 other
705 705 0.2155 other
706 706 0.2153 other
707 707 0.2151 other
708 708 0.2149 other
709 709 0.2147 other
710 710 0.2145 other
711 711 0.2143 other
712 712 0.2141 other
713 713 0.2139 other
714 714 0.2138 other
715 715 0.2136 other
716 716 0.2134 other
717 717 0.2132 other
718 718 0.2130 other
719 719 0.2128 other
720 720 0.2126 other
721 721 0.2124 other
722 722 0.2122 other
723 723 0.2120 other
724 724 0.2119 other
725 725 0.2117 other
726 726 0.2115 other
727 727 0.2113 other
728 728 0.2111 other
729 729 0.2109 other
730 730 0.2107 other
731 731 0.2105 other
732 732 0.2103 other
733 733 0.2101 other
734 734 0.2100 other
735 735 0.2098 other
736 736 0.2096 other
737 737 0.2094 other
738 738 0.2092 other
739 739 0.2090 other
740 740 0.2088 other
741 741 0.2086 other
742 742 0.2084 other
743 743 0.2082 other
744 744 0.2081 other
745 745 0.2079 other
746 746 0.2077 other
747 747 0.2075 other
748 748 0.2073 other
749 749 0.2071 other
750 750 0.2069 other
751 751 0.2067 other
752 752 0.2065 other
753 753 0.2063 other
754 754 0.2062 other
755 755 0.2060 other
756 756 0.2058 other
757 757 0.2056 other
758 758 0.2054 other
759 759 0.2052 other
760 760 0.2050 other
761 761 0.2048 other
762 762 0.2046 other
763 763 0.2044 other
764 764 0.2043 other
765 765 0.2041 other
766 766 0.2039 other
767 767 0.2037 other
768 768 0.2035 other
769 769 0.2033 other
770 770 0.2031 other
771 771 0.2029 other
772 772 0.2027 other
773 773 0.2025 other
774 774 0.2024 other
775 775 0.2022 other
776 776 0.2020 other
777 777 0.2018 other
778 778 0.2016 other
779 779 0.2014 other
780 780 0.2012 other
781 781 0.2010 other
782 782 0.2008 other
783 783 0.2006 other
784 784 0.2005 other
785 785 0.2003 other
786 786 0.2001 other
787 787 0.1999 other
788 788 0.1997 other
789 789 0.1995 other
790 790 0.1993 other
791 791 0.1991 other
792 792 0.1989 other
793 793 0.1987 other
794 794 0.1986 other
795 795 0.1984 other
796 796 0.1982 other
797 797 0.1980 other
798 798 0.1978 other
799 799 0.1976 other
800 800 0.1974 other
801 801 0.1972 other
802 802 0.1970 other
803 803 0.1968 other
804 804 0.1967 other
805 805 0.1965 other
806 806 0.1963 other
807 807 0.1961 other
808 808 0.1959 other
809 809 0.1957 other
810 810 0.1955 other
811 811 0.1953 other
812 812 0.1951 other
813 813 0.1949 other
814 814 0.1948 other
815 815 0.1946 other
