288 288 0.7500 school
288 288 0.7500 school
288 288 0.7500 classroom
4 4 0.0000 workplace
5 5 0.0000 workplace
6 6 0.0000 workplace
7 7 0.0001 workplace
8 8 0.0007 workplace
9 9 0.0014 workplace
10 10 0.0020 workplace
11 11 0.0027 workplace
12 12 0.0033 workplace
13 13 0.0039 workplace
14 14 0.0046 workplace
15 15 0.0052 workplace
16 16 0.0059 workplace
17 17 0.0065 workplace
18 18 0.0071 workplace
19 19 0.0078 workplace
20 20 0.0084 workplace
21 21 0.0091 workplace
22 22 0.0098 workplace
23 23 0.0105 workplace
24 24 0.0112 workplace
25 25 0.0119 workplace
26 26 0.0126 workplace
27 27 0.0133 workplace
28 28 0.0141 workplace
29 29 0.0149 workplace
30 30 0.0158 workplace
31 31 0.0166 workplace
32 32 0.0175 workplace
33 33 0.0185 workplace
34 34 0.0195 workplace
35 35 0.0205 workplace
36 36 0.0217 workplace
37 37 0.0228 workplace
38 38 0.0241 workplace
39 39 0.0254 workplace
40 40 0.0268 workplace
41 41 0.0282 workplace
42 42 0.0298 workplace
43 43 0.0314 workplace
44 44 0.0331 workplace
45 45 0.0350 workplace
46 46 0.0369 workplace
47 47 0.0389 workplace
48 48 0.0411 workplace
49 49 0.0433 workplace
50 50 0.0457 workplace
51 51 0.0481 workplace
52 52 0.0507 workplace
53 53 0.0534 workplace
54 54 0.0562 workplace
55 55 0.0592 workplace
56 56 0.0622 workplace
57 57 0.0653 workplace
58 58 0.0686 workplace
59 59 0.0719 workplace
60 60 0.0754 workplace
61 61 0.0790 workplace
62 62 0.0826 workplace
63 63 0.0863 workplace
64 64 0.0901 workplace
65 65 0.0940 workplace
66 66 0.0979 workplace
67 67 0.1019 workplace
68 68 0.1060 workplace
69 69 0.1100 workplace
70 70 0.1141 workplace
71 71 0.1183 workplace
72 72 0.1224 workplace
73 73 0.1265 workplace
74 74 0.1306 workplace
75 75 0.1347 workplace
76 76 0.1388 workplace
77 77 0.1429 workplace
78 78 0.1468 workplace
79 79 0.1508 workplace
80 80 0.1546 workplace
81 81 0.1584 workplace
82 82 0.1621 workplace
83 83 0.1658 workplace
84 84 0.1693 workplace
85 85 0.1728 workplace
86 86 0.1761 workplace
87 87 0.1793 workplace
88 88 0.1824 workplace
89 89 0.1855 workplace
90 90 0.1884 workplace
91 91 0.1911 workplace
92 92 0.1938 workplace
93 93 0.1964 workplace
94 94 0.1988 workplace
95 95 0.2011 workplace
96 96 0.2034 workplace
97 97 0.2055 workplace
98 98 0.2075 workplace
99 99 0.2094 workplace
100 100 0.2113 workplace
101 101 0.2130 workplace
102 102 0.2147 workplace
103 103 0.2163 workplace
104 104 0.2178 workplace
105 105 0.2193 workplace
106 106 0.2207 workplace
107 107 0.2221 workplace
108 108 0.2235 workplace
109 109 0.2248 workplace
110 110 0.2261 workplace
111 111 0.2273 workplace
112 112 0.2286 workplace
113 113 0.2299 workplace
114 114 0.2311 workplace
115 115 0.2324 workplace
116 116 0.2337 workplace
117 117 0.2350 workplace
118 118 0.2363 workplace
119 119 0.2376 workplace
120 120 0.2390 workplace
121 121 0.2404 workplace
122 122 0.2418 workplace
123 123 0.2432 workplace
124 124 0.2447 workplace
125 125 0.2463 workplace
126 126 0.2478 workplace
127 127 0.2494 workplace
128 128 0.2510 workplace
129 129 0.2527 workplace
130 130 0.2544 workplace
131 131 0.2561 workplace
132 132 0.2579 workplace
133 133 0.2596 workplace
134 134 0.2614 workplace
135 135 0.2632 workplace
136 136 0.2650 workplace
137 137 0.2669 workplace
138 138 0.2687 workplace
139 139 0.2706 workplace
140 140 0.2724 workplace
141 141 0.2743 workplace
142 142 0.2761 workplace
143 143 0.2780 workplace
144 144 0.2798 workplace
145 145 0.2816 workplace
146 146 0.2834 workplace
147 147 0.2852 workplace
148 148 0.2870 workplace
149 149 0.2888 workplace
150 150 0.2905 workplace
151 151 0.2922 workplace
152 152 0.2939 workplace
153 153 0.2955 workplace
154 154 0.2972 workplace
155 155 0.2988 workplace
156 156 0.3003 workplace
157 157 0.3019 workplace
158 158 0.3034 workplace
159 159 0.3049 workplace
160 160 0.3064 workplace
161 161 0.3078 workplace
162 162 0.3092 workplace
163 163 0.3106 workplace
164 164 0.3120 workplace
165 165 0.3134 workplace
166 166 0.3147 workplace
167 167 0.3160 workplace
168 168 0.3173 workplace
169 169 0.3186 workplace
170 170 0.3198 workplace
171 171 0.3211 workplace
172 172 0.3223 workplace
173 173 0.3235 workplace
174 174 0.3247 workplace
175 175 0.3259 workplace
176 176 0.3271 workplace
177 177 0.3283 workplace
178 178 0.3295 workplace
179 179 0.3306 workplace
180 180 0.3318 workplace
181 181 0.3329 workplace
182 182 0.3341 workplace
183 183 0.3353 workplace
184 184 0.3364 workplace
185 185 0.3375 workplace
186 186 0.3387 workplace
187 187 0.3398 workplace
188 188 0.3410 workplace
189 189 0.3421 workplace
190 190 0.3433 workplace
191 191 0.3444 workplace
192 192 0.3455 workplace
193 193 0.3467 workplace
194 194 0.3480 workplace
195 195 0.3480 workplace
196 196 0.3480 workplace
197 197 0.3480 workplace
198 198 0.3480 workplace
199 199 0.3480 workplace
200 200 0.3480 workplace
201 201 0.3480 workplace
202 202 0.3480 workplace
203 203 0.3480 workplace
204 204 0.3480 workplace
205 205 0.3480 workplace
206 206 0.3480 workplace
207 207 0.3480 workplace
208 208 0.3480 workplace
209 209 0.3480 workplace
210 210 0.3480 workplace
211 211 0.3480 workplace
212 212 0.3480 workplace
213 213 0.3480 workplace
214 214 0.3480 workplace
215 215 0.3480 workplace
216 216 0.3480 workplace
217 217 0.3480 workplace
218 218 0.3480 workplace
219 219 0.3480 workplace
220 220 0.3480 workplace
221 221 0.3480 workplace
222 222 0.3480 workplace
223 223 0.3480 workplace
224 224 0.3480 workplace
225 225 0.3480 workplace
226 226 0.3480 workplace
227 227 0.3480 workplace
228 228 0.3480 workplace
229 229 0.3480 workplace
230 230 0.3480 workplace
231 231 0.3480 workplace
232 232 0.3480 workplace
233 233 0.3480 workplace
234 234 0.3480 workplace
235 235 0.3480 workplace
236 236 0.3480 workplace
237 237 0.3480 workplace
238 238 0.3480 workplace
239 239 0.3480 workplace
240 240 0.3480 workplace
241 241 0.3480 workplace
242 242 0.3480 workplace
243 243 0.3480 workplace
244 244 0.3480 workplace
245 245 0.3480 workplace
246 246 0.3480 workplace
247 247 0.3480 workplace
248 248 0.3480 workplace
249 249 0.3480 workplace
250 250 0.3480 workplace
251 251 0.3480 workplace
252 252 0.3480 workplace
253 253 0.3480 workplace
254 254 0.3480 workplace
255 255 0.3480 workplace
256 256 0.3480 workplace
257 257 0.3480 workplace
258 258 0.3480 workplace
259 259 0.3480 workplace
260 260 0.3480 workplace
261 261 0.3480 workplace
262 262 0.3480 workplace
263 263 0.3480 workplace
264 264 0.3480 workplace
265 265 0.3480 workplace
266 266 0.3480 workplace
267 267 0.3480 workplace
268 268 0.3480 workplace
269 269 0.3480 workplace
270 270 0.3480 workplace
271 271 0.3480 workplace
272 272 0.3480 workplace
273 273 0.3480 workplace
274 274 0.3480 workplace
275 275 0.3480 workplace
276 276 0.3480 workplace
277 277 0.3480 workplace
278 278 0.3480 workplace
279 279 0.3480 workplace
280 280 0.3480 workplace
281 281 0.3480 workplace
282 282 0.3480 workplace
283 283 0.3480 workplace
284 284 0.3480 workplace
285 285 0.3480 workplace
286 286 0.3480 workplace
287 287 0.3480 workplace
288 288 0.3480 workplace
289 289 0.3480 workplace
290 290 0.3480 workplace
291 291 0.3480 workplace
292 292 0.3480 workplace
293 293 0.3480 workplace
294 294 0.3480 workplace
295 295 0.3480 workplace
296 296 0.3480 workplace
297 297 0.3480 workplace
298 298 0.3480 workplace
299 299 0.3480 workplace
300 300 0.3480 workplace
301 301 0.3480 workplace
302 302 0.3480 workplace
303 303 0.3480 workplace
304 304 0.3480 workplace
305 305 0.3480 workplace
306 306 0.3480 workplace
307 307 0.3480 workplace
308 308 0.3480 workplace
309 309 0.3480 workplace
310 310 0.3480 workplace
311 311 0.3480 workplace
312 312 0.3480 workplace
313 313 0.3480 workplace
314 314 0.3480 workplace
315 315 0.3480 workplace
316 316 0.3480 workplace
317 317 0.3480 workplace
318 318 0.3480 workplace
319 319 0.3480 workplace
320 320 0.3480 workplace
321 321 0.3480 workplace
322 322 0.3480 workplace
323 323 0.3480 workplace
324 324 0.3480 workplace
325 325 0.3480 workplace
326 326 0.3480 workplace
327 327 0.3480 workplace
328 328 0.3480 workplace
329 329 0.3480 workplace
330 330 0.3480 workplace
331 331 0.3480 workplace
332 332 0.3480 workplace
333 333 0.3480 workplace
334 334 0.3480 workplace
335 335 0.3480 workplace
336 336 0.3480 workplace
337 337 0.3480 workplace
338 338 0.3480 workplace
339 339 0.3480 workplace
340 340 0.3480 workplace
341 341 0.3480 workplace
342 342 0.3480 workplace
343 343 0.3480 workplace
344 344 0.3480 workplace
345 345 0.3480 workplace
346 346 0.3480 workplace
347 347 0.3480 workplace
348 348 0.3480 workplace
349 349 0.3480 workplace
350 350 0.3480 workplace
351 351 0.3480 workplace
352 352 0.3480 workplace
353 353 0.3480 workplace
354 354 0.3480 workplace
355 355 0.3480 workplace
356 356 0.3480 workplace
357 357 0.3480 workplace
358 358 0.3480 workplace
359 359 0.3480 workplace
360 360 0.3480 workplace
361 361 0.3480 workplace
362 362 0.3480 workplace
363 363 0.3480 workplace
364 364 0.3480 workplace
365 365 0.3480 workplace
366 366 0.3480 workplace
367 367 0.3480 workplace
368 368 0.3480 workplace
369 369 0.3480 workplace
370 370 0.3480 workplace
371 371 0.3480 workplace
372 372 0.3480 workplace
373 373 0.3480 workplace
374 374 0.3480 workplace
375 375 0.3480 workplace
376 376 0.3480 workplace
377 377 0.3480 workplace
378 378 0.3480 workplace
379 379 0.3480 workplace
380 380 0.3480 workplace
381 381 0.3480 workplace
382 382 0.3480 workplace
383 383 0.3480 workplace
384 384 0.3480 workplace
385 385 0.3480 workplace
386 386 0.3480 workplace
387 387 0.3480 workplace
388 388 0.3480 workplace
389 389 0.3480 workplace
390 390 0.3480 workplace
391 391 0.3480 workplace
392 392 0.3480 workplace
393 393 0.3480 workplace
394 394 0.3480 workplace
395 395 0.3480 workplace
396 396 0.3480 workplace
397 397 0.3480 workplace
398 398 0.3480 workplace
399 399 0.3480 workplace
400 400 0.3480 workplace
401 401 0.3480 workplace
402 402 0.3480 workplace
403 403 0.3480 workplace
404 404 0.3480 workplace
405 405 0.3480 workplace
406 406 0.3480 workplace
407 407 0.3480 workplace
408 408 0.3480 workplace
409 409 0.3480 workplace
410 410 0.3480 workplace
411 411 0.3480 workplace
412 412 0.3480 workplace
413 413 0.3480 workplace
414 414 0.3480 workplace
415 415 0.3480 workplace
416 416 0.3478 workplace
417 417 0.3476 workplace
418 418 0.3474 workplace
419 419 0.3472 workplace
420 420 0.3471 workplace
421 421 0.3469 workplace
422 422 0.3467 workplace
423 423 0.3465 workplace
424 424 0.3463 workplace
425 425 0.3462 workplace
426 426 0.3460 workplace
427 427 0.3458 workplace
428 428 0.3456 workplace
429 429 0.3455 workplace
430 430 0.3453 workplace
431 431 0.3451 workplace
432 432 0.3449 workplace
433 433 0.3447 workplace
434 434 0.3446 workplace
435 435 0.3444 workplace
436 436 0.3442 workplace
437 437 0.3440 workplace
438 438 0.3439 workplace
439 439 0.3437 workplace
440 440 0.3435 workplace
441 441 0.3433 workplace
442 442 0.3432 workplace
443 443 0.3430 workplace
444 444 0.3428 workplace
445 445 0.3426 workplace
446 446 0.3424 workplace
447 447 0.3423 workplace
448 448 0.3421 workplace
449 449 0.3419 workplace
450 450 0.3417 workplace
451 451 0.3415 workplace
452 452 0.3413 workplace
453 453 0.3411 workplace
454 454 0.3410 workplace
455 455 0.3408 workplace
456 456 0.3406 workplace
457 457 0.3404 workplace
458 458 0.3402 workplace
459 459 0.3399 workplace
460 460 0.3397 workplace
461 461 0.3395 workplace
462 462 0.3393 workplace
463 463 0.3391 workplace
464 464 0.3389 workplace
465 465 0.3386 workplace
466 466 0.3384 workplace
467 467 0.3382 workplace
468 468 0.3379 workplace
469 469 0.3377 workplace
470 470 0.3374 workplace
471 471 0.3371 workplace
472 472 0.3369 workplace
473 473 0.3366 workplace
474 474 0.3363 workplace
475 475 0.3360 workplace
476 476 0.3358 workplace
477 477 0.3355 workplace
478 478 0.3352 workplace
479 479 0.3349 workplace
480 480 0.3345 workplace
481 481 0.3342 workplace
482 482 0.3339 workplace
483 483 0.3336 workplace
484 484 0.3332 workplace
485 485 0.3329 workplace
486 486 0.3325 workplace
487 487 0.3321 workplace
488 488 0.3318 workplace
489 489 0.3314 workplace
490 490 0.3310 workplace
491 491 0.3306 workplace
492 492 0.3302 workplace
493 493 0.3298 workplace
494 494 0.3294 workplace
495 495 0.3289 workplace
496 496 0.3285 workplace
497 497 0.3281 workplace
498 498 0.3276 workplace
499 499 0.3271 workplace
500 500 0.3267 workplace
501 501 0.3262 workplace
502 502 0.3257 workplace
503 503 0.3252 workplace
504 504 0.3247 workplace
505 505 0.3242 workplace
506 506 0.3237 workplace
507 507 0.3232 workplace
508 508 0.3226 workplace
509 509 0.3221 workplace
510 510 0.3216 workplace
511 511 0.3210 workplace
512 512 0.3204 workplace
513 513 0.3199 workplace
514 514 0.3193 workplace
515 515 0.3187 workplace
516 516 0.3181 workplace
517 517 0.3175 workplace
518 518 0.3169 workplace
519 519 0.3163 workplace
520 520 0.3157 workplace
521 521 0.3151 workplace
522 522 0.3144 workplace
523 523 0.3138 workplace
524 524 0.3132 workplace
525 525 0.3125 workplace
526 526 0.3119 workplace
527 527 0.3112 workplace
528 528 0.3105 workplace
529 529 0.3099 workplace
530 530 0.3092 workplace
531 531 0.3085 workplace
532 532 0.3078 workplace
533 533 0.3071 workplace
534 534 0.3064 workplace
535 535 0.3057 workplace
536 536 0.3050 workplace
537 537 0.3043 workplace
538 538 0.3036 workplace
539 539 0.3029 workplace
540 540 0.3021 workplace
541 541 0.3014 workplace
542 542 0.3007 workplace
543 543 0.3000 workplace
544 544 0.2992 workplace
545 545 0.2985 workplace
546 546 0.2977 workplace
547 547 0.2970 workplace
548 548 0.2963 workplace
549 549 0.2955 workplace
550 550 0.2948 workplace
551 551 0.2940 workplace
552 552 0.2932 workplace
553 553 0.2925 workplace
554 554 0.2917 workplace
555 555 0.2910 workplace
556 556 0.2902 workplace
557 557 0.2894 workplace
558 558 0.2887 workplace
559 559 0.2879 workplace
560 560 0.2871 workplace
561 561 0.2864 workplace
562 562 0.2856 workplace
563 563 0.2848 workplace
564 564 0.2841 workplace
565 565 0.2833 workplace
566 566 0.2825 workplace
567 567 0.2818 workplace
568 568 0.2810 workplace
569 569 0.2802 workplace
570 570 0.2795 workplace
571 571 0.2787 workplace
572 572 0.2779 workplace
573 573 0.2772 workplace
574 574 0.2764 workplace
575 575 0.2757 workplace
576 576 0.2749 workplace
577 577 0.2742 workplace
578 578 0.2734 workplace
579 579 0.2727 workplace
580 580 0.2719 workplace
581 581 0.2712 workplace
582 582 0.2705 workplace
583 583 0.2697 workplace
584 584 0.2690 workplace
585 585 0.2683 workplace
586 586 0.2676 workplace
587 587 0.2669 workplace
588 588 0.2662 workplace
589 589 0.2655 workplace
590 590 0.2648 workplace
591 591 0.2641 workplace
592 592 0.2634 workplace
593 593 0.2627 workplace
594 594 0.2620 workplace
595 595 0.2614 workplace
596 596 0.2607 workplace
597 597 0.2601 workplace
598 598 0.2594 workplace
599 599 0.2588 workplace
600 600 0.2582 workplace
601 601 0.2576 workplace
602 602 0.2569 workplace
603 603 0.2563 workplace
604 604 0.2557 workplace
605 605 0.2552 workplace
606 606 0.2546 workplace
607 607 0.2540 workplace
608 608 0.2534 workplace
609 609 0.2529 workplace
610 610 0.2523 workplace
611 611 0.2518 workplace
612 612 0.2512 workplace
613 613 0.2507 workplace
614 614 0.2502 workplace
615 615 0.2497 workplace
616 616 0.2492 workplace
617 617 0.2487 workplace
618 618 0.2482 workplace
619 619 0.2477 workplace
620 620 0.2473 workplace
621 621 0.2468 workplace
622 622 0.2463 workplace
623 623 0.2459 workplace
624 624 0.2455 workplace
625 625 0.2450 workplace
626 626 0.2446 workplace
627 627 0.2442 workplace
628 628 0.2438 workplace
629 629 0.2434 workplace
630 630 0.2430 workplace
631 631 0.2426 workplace
632 632 0.2422 workplace
633 633 0.2418 workplace
634 634 0.2414 workplace
635 635 0.2411 workplace
636 636 0.2407 workplace
637 637 0.2404 workplace
638 638 0.2400 workplace
639 639 0.2397 workplace
640 640 0.2393 workplace
641 641 0.2390 workplace
642 642 0.2387 workplace
643 643 0.2383 workplace
644 644 0.2380 workplace
645 645 0.2377 workplace
646 646 0.2374 workplace
647 647 0.2371 workplace
648 648 0.2368 workplace
649 649 0.2365 workplace
650 650 0.2362 workplace
651 651 0.2359 workplace
652 652 0.2357 workplace
653 653 0.2354 workplace
654 654 0.2351 workplace
655 655 0.2348 workplace
656 656 0.2346 workplace
657 657 0.2343 workplace
658 658 0.2341 workplace
659 659 0.2338 workplace
660 660 0.2336 workplace
661 661 0.2333 workplace
662 662 0.2331 workplace
663 663 0.2328 workplace
664 664 0.2326 workplace
665 665 0.2323 workplace
666 666 0.2321 workplace
667 667 0.2319 workplace
668 668 0.2317 workplace
669 669 0.2314 workplace
670 670 0.2312 workplace
671 671 0.2310 workplace
672 672 0.2308 workplace
673 673 0.2306 workplace
674 674 0.2303 workplace
675 675 0.2301 workplace
676 676 0.2299 workplace
677 677 0.2297 workplace
678 678 0.2295 workplace
679 679 0.2293 workplace
680 680 0.2291 workplace
681 681 0.2289 workplace
682 682 0.2287 workplace
683 683 0.2285 workplace
684 684 0.2283 workplace
685 685 0.2281 workplace
686 686 0.2279 workplace
687 687 0.2277 workplace
688 688 0.2275 workplace
689 689 0.2273 workplace
690 690 0.2271 workplace
691 691 0.2269 workplace
692 692 0.2267 workplace
693 693 0.2265 workplace
694 694 0.2263 workplace
695 695 0.2261 workplace
696 696 0.2259 workplace
697 697 0.2257 workplace
698 698 0.2255 workplace
699 699 0.2253 workplace
700 700 0.2251 workplace
701 701 0.2249 workplace
702 702 0.2247 workplace
703 703 0.2245 workplace
704 704 0.2243 workplace
705 705 0.2241 workplace
706 706 0.2239 workplace
707 707 0.2237 workplace
708 708 0.2235 workplace
709 709 0.2233 workplace
710 710 0.2231 workplace
711 711 0.2229 workplace
712 712 0.2227 workplace
713 713 0.2225 workplace
714 714 0.2223 workplace
715 715 0.2221 workplace
716 716 0.2219 workplace
717 717 0.2217 workplace
718 718 0.2215 workplace
719 719 0.2214 workplace
720 720 0.2212 workplace
721 721 0.2210 workplace
722 722 0.2208 workplace
723 723 0.2206 workplace
724 724 0.2204 workplace
725 725 0.2202 workplace
726 726 0.2200 workplace
727 727 0.2198 workplace
728 728 0.2196 workplace
729 729 0.2194 workplace
730 730 0.2192 workplace
731 731 0.2190 workplace
732 732 0.2188 workplace
733 733 0.2186 workplace
734 734 0.2184 workplace
735 735 0.2182 workplace
736 736 0.2180 workplace
737 737 0.2178 workplace
738 738 0.2176 workplace
739 739 0.2174 workplace
740 740 0.2172 workplace
741 741 0.2170 workplace
742 742 0.2168 workplace
743 743 0.2166 workplace
744 744 0.2164 workplace
745 745 0.2162 workplace
746 746 0.2160 workplace
747 747 0.2158 workplace
748 748 0.2156 workplace
749 749 0.2154 workplace
750 750 0.2152 workplace
751 751 0.2150 workplace
752 752 0.2148 workplace
753 753 0.2146 workplace
754 754 0.2144 workplace
755 755 0.2142 workplace
756 756 0.2140 workplace
757 757 0.2138 workplace
758 758 0.2136 workplace
759 759 0.2134 workplace
760 760 0.2132 workplace
761 761 0.2131 workplace
762 762 0.2129 workplace
763 763 0.2127 workplace
764 764 0.2125 workplace
765 765 0.2123 workplace
766 766 0.2121 workplace
767 767 0.2119 workplace
768 768 0.2117 workplace
769 769 0.2115 workplace
770 770 0.2113 workplace
771 771 0.2111 workplace
772 772 0.2109 workplace
773 773 0.2107 workplace
774 774 0.2105 workplace
775 775 0.2103 workplace
776 776 0.2101 workplace
777 777 0.2099 workplace
778 778 0.2097 workplace
779 779 0.2095 workplace
780 780 0.2093 workplace
781 781 0.2091 workplace
782 782 0.2089 workplace
783 783 0.2087 workplace
784 784 0.2085 workplace
785 785 0.2083 workplace
786 786 0.2081 workplace
787 787 0.2079 workplace
788 788 0.2077 workplace
789 789 0.2075 workplace
790 790 0.2073 workplace
791 791 0.2071 workplace
792 792 0.2069 workplace
793 793 0.2067 workplace
794 794 0.2065 workplace
795 795 0.2063 workplace
796 796 0.2061 workplace
797 797 0.2059 workplace
798 798 0.2057 workplace
799 799 0.2055 workplace
800 800 0.2053 workplace
801 801 0.2051 workplace
802 802 0.2050 workplace
803 803 0.2048 workplace
804 804 0.2046 workplace
805 805 0.2044 workplace
806 806 0.2042 workplace
807 807 0.2040 workplace
808 808 0.2038 workplace
809 809 0.2036 workplace
810 810 0.2034 workplace
811 811 0.2032 workplace
812 812 0.2030 workplace
813 813 0.2028 workplace
814 814 0.2026 workplace
815 815 0.2024 workplace
4 4 0.0000 office
5 5 0.0000 office
6 6 0.0000 office
7 7 0.0001 office
8 8 0.0007 office
9 9 0.0014 office
10 10 0.0020 office
11 11 0.0027 office
12 12 0.0033 office
13 13 0.0039 office
14 14 0.0046 office
15 15 0.0052 office
16 16 0.0059 office
17 17 0.0065 office
18 18 0.0071 office
19 19 0.0078 office
20 20 0.0084 office
21 21 0.0091 office
22 22 0.0098 office
23 23 0.0105 office
24 24 0.0112 office
25 25 0.0119 office
26 26 0.0126 office
27 27 0.0133 office
28 28 0.0141 office
29 29 0.0149 office
30 30 0.0158 office
31 31 0.0166 office
32 32 0.0175 office
33 33 0.0185 office
34 34 0.0195 office
35 35 0.0205 office
36 36 0.0217 office
37 37 0.0228 office
38 38 0.0241 office
39 39 0.0254 office
40 40 0.0268 office
41 41 0.0282 office
42 42 0.0298 office
43 43 0.0314 office
44 44 0.0331 office
45 45 0.0350 office
46 46 0.0369 office
47 47 0.0389 office
48 48 0.0411 office
49 49 0.0433 office
50 50 0.0457 office
51 51 0.0481 office
52 52 0.0507 office
53 53 0.0534 office
54 54 0.0562 office
55 55 0.0592 office
56 56 0.0622 office
57 57 0.0653 office
58 58 0.0686 office
59 59 0.0719 office
60 60 0.0754 office
61 61 0.0790 office
62 62 0.0826 office
63 63 0.0863 office
64 64 0.0901 office
65 65 0.0940 office
66 66 0.0979 office
67 67 0.1019 office
68 68 0.1060 office
69 69 0.1100 office
70 70 0.1141 office
71 71 0.1183 office
72 72 0.1224 office
73 73 0.1265 office
74 74 0.1306 office
75 75 0.1347 office
76 76 0.1388 office
77 77 0.1429 office
78 78 0.1468 office
79 79 0.1508 office
80 80 0.1546 office
81 81 0.1584 office
82 82 0.1621 office
83 83 0.1658 office
84 84 0.1693 office
85 85 0.1728 office
86 86 0.1761 office
87 87 0.1793 office
88 88 0.1824 office
89 89 0.1855 office
90 90 0.1884 office
91 91 0.1911 office
92 92 0.1938 office
93 93 0.1964 office
94 94 0.1988 office
95 95 0.2011 office
96 96 0.2034 office
97 97 0.2055 office
98 98 0.2075 office
99 99 0.2094 office
100 100 0.2113 office
101 101 0.2130 office
102 102 0.2147 office
103 103 0.2163 office
104 104 0.2178 office
105 105 0.2193 office
106 106 0.2207 office
107 107 0.2221 office
108 108 0.2235 office
109 109 0.2248 office
110 110 0.2261 office
111 111 0.2273 office
112 112 0.2286 office
113 113 0.2299 office
114 114 0.2311 office
115 115 0.2324 office
116 116 0.2337 office
117 117 0.2350 office
118 118 0.2363 office
119 119 0.2376 office
120 120 0.2390 office
121 121 0.2404 office
122 122 0.2418 office
123 123 0.2432 office
124 124 0.2447 office
125 125 0.2463 office
126 126 0.2478 office
127 127 0.2494 office
128 128 0.2510 office
129 129 0.2527 office
130 130 0.2544 office
131 131 0.2561 office
132 132 0.2579 office
133 133 0.2596 office
134 134 0.2614 office
135 135 0.2632 office
136 136 0.2650 office
137 137 0.2669 office
138 138 0.2687 office
139 139 0.2706 office
140 140 0.2724 office
141 141 0.2743 office
142 142 0.2761 office
143 143 0.2780 office
144 144 0.2798 office
145 145 0.2816 office
146 146 0.2834 office
147 147 0.2852 office
148 148 0.2870 office
149 149 0.2888 office
150 150 0.2905 office
151 151 0.2922 office
152 152 0.2939 office
153 153 0.2955 office
154 154 0.2972 office
155 155 0.2988 office
156 156 0.3003 office
157 157 0.3019 office
158 158 0.3034 office
159 159 0.3049 office
160 160 0.3064 office
161 161 0.3078 office
162 162 0.3092 office
163 163 0.3106 office
164 164 0.3120 office
165 165 0.3134 office
166 166 0.3147 office
167 167 0.3160 office
168 168 0.3173 office
169 169 0.3186 office
170 170 0.3198 office
171 171 0.3211 office
172 172 0.3223 office
173 173 0.3235 office
174 174 0.3247 office
175 175 0.3259 office
176 176 0.3271 office
177 177 0.3283 office
178 178 0.3295 office
179 179 0.3306 office
180 180 0.3318 office
181 181 0.3329 office
182 182 0.3341 office
183 183 0.3353 office
184 184 0.3364 office
185 185 0.3375 office
186 186 0.3387 office
187 187 0.3398 office
188 188 0.3410 office
189 189 0.3421 office
190 190 0.3433 office
191 191 0.3444 office
192 192 0.3455 office
193 193 0.3467 office
194 194 0.3480 office
195 195 0.3480 office
196 196 0.3480 office
197 197 0.3480 office
198 198 0.3480 office
199 199 0.3480 office
200 200 0.3480 office
201 201 0.3480 office
202 202 0.3480 office
203 203 0.3480 office
204 204 0.3480 office
205 205 0.3480 office
206 206 0.3480 office
207 207 0.3480 office
208 208 0.3480 office
209 209 0.3480 office
210 210 0.3480 office
211 211 0.3480 office
212 212 0.3480 office
213 213 0.3480 office
214 214 0.3480 office
215 215 0.3480 office
216 216 0.3480 office
217 217 0.3480 office
218 218 0.3480 office
219 219 0.3480 office
220 220 0.3480 office
221 221 0.3480 office
222 222 0.3480 office
223 223 0.3480 office
224 224 0.3480 office
225 225 0.3480 office
226 226 0.3480 office
227 227 0.3480 office
228 228 0.3480 office
229 229 0.3480 office
230 230 0.3480 office
231 231 0.3480 office
232 232 0.3480 office
233 233 0.3480 office
234 234 0.3480 office
235 235 0.3480 office
236 236 0.3480 office
237 237 0.3480 office
238 238 0.3480 office
239 239 0.3480 office
240 240 0.3480 office
241 241 0.3480 office
242 242 0.3480 office
243 243 0.3480 office
244 244 0.3480 office
245 245 0.3480 office
246 246 0.3480 office
247 247 0.3480 office
248 248 0.3480 office
249 249 0.3480 office
250 250 0.3480 office
251 251 0.3480 office
252 252 0.3480 office
253 253 0.3480 office
254 254 0.3480 office
255 255 0.3480 office
256 256 0.3480 office
257 257 0.3480 office
258 258 0.3480 office
259 259 0.3480 office
260 260 0.3480 office
261 261 0.3480 office
262 262 0.3480 office
263 263 0.3480 office
264 264 0.3480 office
265 265 0.3480 office
266 266 0.3480 office
267 267 0.3480 office
268 268 0.3480 office
269 269 0.3480 office
270 270 0.3480 office
271 271 0.3480 office
272 272 0.3480 office
273 273 0.3480 office
274 274 0.3480 office
275 275 0.3480 office
276 276 0.3480 office
277 277 0.3480 office
278 278 0.3480 office
279 279 0.3480 office
280 280 0.3480 office
281 281 0.3480 office
282 282 0.3480 office
283 283 0.3480 office
284 284 0.3480 office
285 285 0.3480 office
286 286 0.3480 office
287 287 0.3480 office
288 288 0.3480 office
289 289 0.3480 office
290 290 0.3480 office
291 291 0.3480 office
292 292 0.3480 office
293 293 0.3480 office
294 294 0.3480 office
295 295 0.3480 office
296 296 0.3480 office
297 297 0.3480 office
298 298 0.3480 office
299 299 0.3480 office
300 300 0.3480 office
301 301 0.3480 office
302 302 0.3480 office
303 303 0.3480 office
304 304 0.3480 office
305 305 0.3480 office
306 306 0.3480 office
307 307 0.3480 office
308 308 0.3480 office
309 309 0.3480 office
310 310 0.3480 office
311 311 0.3480 office
312 312 0.3480 office
313 313 0.3480 office
314 314 0.3480 office
315 315 0.3480 office
316 316 0.3480 office
317 317 0.3480 office
318 318 0.3480 office
319 319 0.3480 office
320 320 0.3480 office
321 321 0.3480 office
322 322 0.3480 office
323 323 0.3480 office
324 324 0.3480 office
325 325 0.3480 office
326 326 0.3480 office
327 327 0.3480 office
328 328 0.3480 office
329 329 0.3480 office
330 330 0.3480 office
331 331 0.3480 office
332 332 0.3480 office
333 333 0.3480 office
334 334 0.3480 office
335 335 0.3480 office
336 336 0.3480 office
337 337 0.3480 office
338 338 0.3480 office
339 339 0.3480 office
340 340 0.3480 office
341 341 0.3480 office
342 342 0.3480 office
343 343 0.3480 office
344 344 0.3480 office
345 345 0.3480 office
346 346 0.3480 office
347 347 0.3480 office
348 348 0.3480 office
349 349 0.3480 office
350 350 0.3480 office
351 351 0.3480 office
352 352 0.3480 office
353 353 0.3480 office
354 354 0.3480 office
355 355 0.3480 office
356 356 0.3480 office
357 357 0.3480 office
358 358 0.3480 office
359 359 0.3480 office
360 360 0.3480 office
361 361 0.3480 office
362 362 0.3480 office
363 363 0.3480 office
364 364 0.3480 office
365 365 0.3480 office
366 366 0.3480 office
367 367 0.3480 office
368 368 0.3480 office
369 369 0.3480 office
370 370 0.3480 office
371 371 0.3480 office
372 372 0.3480 office
373 373 0.3480 office
374 374 0.3480 office
375 375 0.3480 office
376 376 0.3480 office
377 377 0.3480 office
378 378 0.3480 office
379 379 0.3480 office
380 380 0.3480 office
381 381 0.3480 office
382 382 0.3480 office
383 383 0.3480 office
384 384 0.3480 office
385 385 0.3480 office
386 386 0.3480 office
387 387 0.3480 office
388 388 0.3480 office
389 389 0.3480 office
390 390 0.3480 office
391 391 0.3480 office
392 392 0.3480 office
393 393 0.3480 office
394 394 0.3480 office
395 395 0.3480 office
396 396 0.3480 office
397 397 0.3480 office
398 398 0.3480 office
399 399 0.3480 office
400 400 0.3480 office
401 401 0.3480 office
402 402 0.3480 office
403 403 0.3480 office
404 404 0.3480 office
405 405 0.3480 office
406 406 0.3480 office
407 407 0.3480 office
408 408 0.3480 office
409 409 0.3480 office
410 410 0.3480 office
411 411 0.3480 office
412 412 0.3480 office
413 413 0.3480 office
414 414 0.3480 office
415 415 0.3480 office
416 416 0.3478 office
417 417 0.3476 office
418 418 0.3474 office
419 419 0.3472 office
420 420 0.3471 office
421 421 0.3469 office
422 422 0.3467 office
423 423 0.3465 office
424 424 0.3463 office
425 425 0.3462 office
426 426 0.3460 office
427 427 0.3458 office
428 428 0.3456 office
429 429 0.3455 office
430 430 0.3453 office
431 431 0.3451 office
432 432 0.3449 office
433 433 0.3447 office
434 434 0.3446 office
435 435 0.3444 office
436 436 0.3442 office
437 437 0.3440 office
438 438 0.3439 office
439 439 0.3437 office
440 440 0.3435 office
441 441 0.3433 office
442 442 0.3432 office
443 443 0.3430 office
444 444 0.3428 office
445 445 0.3426 office
446 446 0.3424 office
447 447 0.3423 office
448 448 0.3421 office
449 449 0.3419 office
450 450 0.3417 office
451 451 0.3415 office
452 452 0.3413 office
453 453 0.3411 office
454 454 0.3410 office
455 455 0.3408 office
456 456 0.3406 office
457 457 0.3404 office
458 458 0.3402 office
459 459 0.3399 office
460 460 0.3397 office
461 461 0.3395 office
462 462 0.3393 office
463 463 0.3391 office
464 464 0.3389 office
465 465 0.3386 office
466 466 0.3384 office
467 467 0.3382 office
468 468 0.3379 office
469 469 0.3377 office
470 470 0.3374 office
471 471 0.3371 office
472 472 0.3369 office
473 473 0.3366 office
474 474 0.3363 office
475 475 0.3360 office
476 476 0.3358 office
477 477 0.3355 office
478 478 0.3352 office
479 479 0.3349 office
480 480 0.3345 office
481 481 0.3342 office
482 482 0.3339 office
483 483 0.3336 office
484 484 0.3332 office
485 485 0.3329 office
486 486 0.3325 office
487 487 0.3321 office
488 488 0.3318 office
489 489 0.3314 office
490 490 0.3310 office
491 491 0.3306 office
492 492 0.3302 office
493 493 0.3298 office
494 494 0.3294 office
495 495 0.3289 office
496 496 0.3285 office
497 497 0.3281 office
498 498 0.3276 office
499 499 0.3271 office
500 500 0.3267 office
501 501 0.3262 office
502 502 0.3257 office
503 503 0.3252 office
504 504 0.3247 office
505 505 0.3242 office
506 506 0.3237 office
507 507 0.3232 office
508 508 0.3226 office
509 509 0.3221 office
510 510 0.3216 office
511 511 0.3210 office
512 512 0.3204 office
513 513 0.3199 office
514 514 0.3193 office
515 515 0.3187 office
516 516 0.3181 office
517 517 0.3175 office
518 518 0.3169 office
519 519 0.3163 office
520 520 0.3157 office
521 521 0.3151 office
522 522 0.3144 office
523 523 0.3138 office
524 524 0.3132 office
525 525 0.3125 office
526 526 0.3119 office
527 527 0.3112 office
528 528 0.3105 office
529 529 0.3099 office
530 530 0.3092 office
531 531 0.3085 office
532 532 0.3078 office
533 533 0.3071 office
534 534 0.3064 office
535 535 0.3057 office
536 536 0.3050 office
537 537 0.3043 office
538 538 0.3036 office
539 539 0.3029 office
540 540 0.3021 office
541 541 0.3014 office
542 542 0.3007 office
543 543 0.3000 office
544 544 0.2992 office
545 545 0.2985 office
546 546 0.2977 office
547 547 0.2970 office
548 548 0.2963 office
549 549 0.2955 office
550 550 0.2948 office
551 551 0.2940 office
552 552 0.2932 office
553 553 0.2925 office
554 554 0.2917 office
555 555 0.2910 office
556 556 0.2902 office
557 557 0.2894 office
558 558 0.2887 office
559 559 0.2879 office
560 560 0.2871 office
561 561 0.2864 office
562 562 0.2856 office
563 563 0.2848 office
564 564 0.2841 office
565 565 0.2833 office
566 566 0.2825 office
567 567 0.2818 office
568 568 0.2810 office
569 569 0.2802 office
570 570 0.2795 office
571 571 0.2787 office
572 572 0.2779 office
573 573 0.2772 office
574 574 0.2764 office
575 575 0.2757 office
576 576 0.2749 office
577 577 0.2742 office
578 578 0.2734 office
579 579 0.2727 office
580 580 0.2719 office
581 581 0.2712 office
582 582 0.2705 office
583 583 0.2697 office
584 584 0.2690 office
585 585 0.2683 office
586 586 0.2676 office
587 587 0.2669 office
588 588 0.2662 office
589 589 0.2655 office
590 590 0.2648 office
591 591 0.2641 office
592 592 0.2634 office
593 593 0.2627 office
594 594 0.2620 office
595 595 0.2614 office
596 596 0.2607 office
597 597 0.2601 office
598 598 0.2594 office
599 599 0.2588 office
600 600 0.2582 office
601 601 0.2576 office
602 602 0.2569 office
603 603 0.2563 office
604 604 0.2557 office
605 605 0.2552 office
606 606 0.2546 office
607 607 0.2540 office
608 608 0.2534 office
609 609 0.2529 office
610 610 0.2523 office
611 611 0.2518 office
612 612 0.2512 office
613 613 0.2507 office
614 614 0.2502 office
615 615 0.2497 office
616 616 0.2492 office
617 617 0.2487 office
618 618 0.2482 office
619 619 0.2477 office
620 620 0.2473 office
621 621 0.2468 office
622 622 0.2463 office
623 623 0.2459 office
624 624 0.2455 office
625 625 0.2450 office
626 626 0.2446 office
627 627 0.2442 office
628 628 0.2438 office
629 629 0.2434 office
630 630 0.2430 office
631 631 0.2426 office
632 632 0.2422 office
633 633 0.2418 office
634 634 0.2414 office
635 635 0.2411 office
636 636 0.2407 office
637 637 0.2404 office
638 638 0.2400 office
639 639 0.2397 office
640 640 0.2393 office
641 641 0.2390 office
642 642 0.2387 office
643 643 0.2383 office
644 644 0.2380 office
645 645 0.2377 office
646 646 0.2374 office
647 647 0.2371 office
648 648 0.2368 office
649 649 0.2365 office
650 650 0.2362 office
651 651 0.2359 office
652 652 0.2357 office
653 653 0.2354 office
654 654 0.2351 office
655 655 0.2348 office
656 656 0.2346 office
657 657 0.2343 office
658 658 0.2341 office
659 659 0.2338 office
660 660 0.2336 office
661 661 0.2333 office
662 662 0.2331 office
663 663 0.2328 office
664 664 0.2326 office
665 665 0.2323 office
666 666 0.2321 office
667 667 0.2319 office
668 668 0.2317 office
669 669 0.2314 office
670 670 0.2312 office
671 671 0.2310 office
672 672 0.2308 office
673 673 0.2306 office
674 674 0.2303 office
675 675 0.2301 office
676 676 0.2299 office
677 677 0.2297 office
678 678 0.2295 office
679 679 0.2293 office
680 680 0.2291 office
681 681 0.2289 office
682 682 0.2287 office
683 683 0.2285 office
684 684 0.2283 office
685 685 0.2281 office
686 686 0.2279 office
687 687 0.2277 office
688 688 0.2275 office
689 689 0.2273 office
690 690 0.2271 office
691 691 0.2269 office
692 692 0.2267 office
693 693 0.2265 office
694 694 0.2263 office
695 695 0.2261 office
696 696 0.2259 office
697 697 0.2257 office
698 698 0.2255 office
699 699 0.2253 office
700 700 0.2251 office
701 701 0.2249 office
702 702 0.2247 office
703 703 0.2245 office
704 704 0.2243 office
705 705 0.2241 office
706 706 0.2239 office
707 707 0.2237 office
708 708 0.2235 office
709 709 0.2233 office
710 710 0.2231 office
711 711 0.2229 office
712 712 0.2227 office
713 713 0.2225 office
714 714 0.2223 office
715 715 0.2221 office
716 716 0.2219 office
717 717 0.2217 office
718 718 0.2215 office
719 719 0.2214 office
720 720 0.2212 office
721 721 0.2210 office
722 722 0.2208 office
723 723 0.2206 office
724 724 0.2204 office
725 725 0.2202 office
726 726 0.2200 office
727 727 0.2198 office
728 728 0.2196 office
729 729 0.2194 office
730 730 0.2192 office
731 731 0.2190 office
732 732 0.2188 office
733 733 0.2186 office
734 734 0.2184 office
735 735 0.2182 office
736 736 0.2180 office
737 737 0.2178 office
738 738 0.2176 office
739 739 0.2174 office
740 740 0.2172 office
741 741 0.2170 office
742 742 0.2168 office
743 743 0.2166 office
744 744 0.2164 office
745 745 0.2162 office
746 746 0.2160 office
747 747 0.2158 office
748 748 0.2156 office
749 749 0.2154 office
750 750 0.2152 office
751 751 0.2150 office
752 752 0.2148 office
753 753 0.2146 office
754 754 0.2144 office
755 755 0.2142 office
756 756 0.2140 office
757 757 0.2138 office
758 758 0.2136 office
759 759 0.2134 office
760 760 0.2132 office
761 761 0.2131 office
762 762 0.2129 office
763 763 0.2127 office
764 764 0.2125 office
765 765 0.2123 office
766 766 0.2121 office
767 767 0.2119 office
768 768 0.2117 office
769 769 0.2115 office
770 770 0.2113 office
771 771 0.2111 office
772 772 0.2109 office
773 773 0.2107 office
774 774 0.2105 office
775 775 0.2103 office
776 776 0.2101 office
777 777 0.2099 office
778 778 0.2097 office
779 779 0.2095 office
780 780 0.2093 office
781 781 0.2091 office
782 782 0.2089 office
783 783 0.2087 office
784 784 0.2085 office
785 785 0.2083 office
786 786 0.2081 office
787 787 0.2079 office
788 788 0.2077 office
789 789 0.2075 office
790 790 0.2073 office
791 791 0.2071 office
792 792 0.2069 office
793 793 0.2067 office
794 794 0.2065 office
795 795 0.2063 office
796 796 0.2061 office
797 797 0.2059 office
798 798 0.2057 office
799 799 0.2055 office
800 800 0.2053 office
801 801 0.2051 office
802 802 0.2050 office
803 803 0.2048 office
804 804 0.2046 office
805 805 0.2044 office
806 806 0.2042 office
807 807 0.2040 office
808 808 0.2038 office
809 809 0.2036 office
810 810 0.2034 office
811 811 0.2032 office
812 812 0.2030 office
813 813 0.2028 office
814 814 0.2026 office
815 815 0.2024 office
4 4 0.0000 other
5 5 0.0000 other
6 6 0.0000 other
7 7 0.0001 other
8 8 0.0007 other
9 9 0.0014 other
10 10 0.0020 other
11 11 0.0027 other
12 12 0.0033 other
13 13 0.0039 other
14 14 0.0046 other
15 15 0.0052 other
16 16 0.0059 other
17 17 0.0065 other
18 18 0.0071 other
19 19 0.0078 other
20 20 0.0084 other
21 21 0.0091 other
22 22 0.0098 other
23 23 0.0105 other
24 24 0.0112 other
25 25 0.0119 other
26 26 0.0126 other
27 27 0.0133 other
28 28 0.0141 other
29 29 0.0149 other
30 30 0.0158 other
31 31 0.0166 other
32 32 0.0175 other
33 33 0.0185 other
34 34 0.0195 other
35 35 0.0205 other
36 36 0.0217 other
37 37 0.0228 other
38 38 0.0241 other
39 39 0.0254 other
40 40 0.0268 other
41 41 0.0282 other
42 42 0.0298 other
43 43 0.0314 other
44 44 0.0331 other
45 45 0.0350 other
46 46 0.0369 other
47 47 0.0389 other
48 48 0.0411 other
49 49 0.0433 other
50 50 0.0457 other
51 51 0.0481 other
52 52 0.0507 other
53 53 0.0534 other
54 54 0.0562 other
55 55 0.0592 other
56 56 0.0622 other
57 57 0.0653 other
58 58 0.0686 other
59 59 0.0719 other
60 60 0.0754 other
61 61 0.0790 other
62 62 0.0826 other
63 63 0.0863 other
64 64 0.0901 other
65 65 0.0940 other
66 66 0.0979 other
67 67 0.1019 other
68 68 0.1060 other
69 69 0.1100 other
70 70 0.1141 other
71 71 0.1183 other
72 72 0.1224 other
73 73 0.1265 other
74 74 0.1306 other
75 75 0.1347 other
76 76 0.1388 other
77 77 0.1429 other
78 78 0.1468 other
79 79 0.1508 other
80 80 0.1546 other
81 81 0.1584 other
82 82 0.1621 other
83 83 0.1658 other
84 84 0.1693 other
85 85 0.1728 other
86 86 0.1761 other
87 87 0.1793 other
88 88 0.1824 other
89 89 0.1855 other
90 90 0.1884 other
91 91 0.1911 other
92 92 0.1938 other
93 93 0.1964 other
94 94 0.1988 other
95 95 0.2011 other
96 96 0.2034 other
97 97 0.2055 other
98 98 0.2075 other
99 99 0.2094 other
100 100 0.2113 other
101 101 0.2130 other
102 102 0.2147 other
103 103 0.2163 other
104 104 0.2178 other
105 105 0.2193 other
106 106 0.2207 other
107 107 0.2221 other
108 108 0.2235 other
109 109 0.2248 other
110 110 0.2261 other
111 111 0.2273 other
112 112 0.2286 other
113 113 0.2299 other
114 114 0.2311 other
115 115 0.2324 other
116 116 0.2337 other
117 117 0.2350 other
118 118 0.2363 other
119 119 0.2376 other
120 120 0.2390 other
121 121 0.2404 other
122 122 0.2418 other
123 123 0.2432 other
124 124 0.2447 other
125 125 0.2463 other
126 126 0.2478 other
127 127 0.2494 other
128 128 0.2510 other
129 129 0.2527 other
130 130 0.2544 other
131 131 0.2561 other
132 132 0.2579 other
133 133 0.2596 other
134 134 0.2614 other
135 135 0.2632 other
136 136 0.2650 other
137 137 0.2669 other
138 138 0.2687 other
139 139 0.2706 other
140 140 0.2724 other
141 141 0.2743 other
142 142 0.2761 other
143 143 0.2780 other
144 144 0.2798 other
145 145 0.2816 other
146 146 0.2834 other
147 147 0.2852 other
148 148 0.2870 other
149 149 0.2888 other
150 150 0.2905 other
151 151 0.2922 other
152 152 0.2939 other
153 153 0.2955 other
154 154 0.2972 other
155 155 0.2988 other
156 156 0.3003 other
157 157 0.3019 other
158 158 0.3034 other
159 159 0.3049 other
160 160 0.3064 other
161 161 0.3078 other
162 162 0.3092 other
163 163 0.3106 other
164 164 0.3120 other
165 165 0.3134 other
166 166 0.3147 other
167 167 0.3160 other
168 168 0.3173 other
169 169 0.3186 other
170 170 0.3198 other
171 171 0.3211 other
172 172 0.3223 other
173 173 0.3235 other
174 174 0.3247 other
175 175 0.3259 other
176 176 0.3271 other
177 177 0.3283 other
178 178 0.3295 other
179 179 0.3306 other
180 180 0.3318 other
181 181 0.3329 other
182 182 0.3341 other
183 183 0.3353 other
184 184 0.3364 other
185 185 0.3375 other
186 186 0.3387 other
187 187 0.3398 other
188 188 0.3410 other
189 189 0.3421 other
190 190 0.3433 other
191 191 0.3444 other
192 192 0.3455 other
193 193 0.3467 other
194 194 0.3480 other
195 195 0.3480 other
196 196 0.3480 other
197 197 0.3480 other
198 198 0.3480 other
199 199 0.3480 other
200 200 0.3480 other
201 201 0.3480 other
202 202 0.3480 other
203 203 0.3480 other
204 204 0.3480 other
205 205 0.3480 other
206 206 0.3480 other
207 207 0.3480 other
208 208 0.3480 other
209 209 0.3480 other
210 210 0.3480 other
211 211 0.3480 other
212 212 0.3480 other
213 213 0.3480 other
214 214 0.3480 other
215 215 0.3480 other
216 216 0.3480 other
217 217 0.3480 other
218 218 0.3480 other
219 219 0.3480 other
220 220 0.3480 other
221 221 0.3480 other
222 222 0.3480 other
223 223 0.3480 other
224 224 0.3480 other
225 225 0.3480 other
226 226 0.3480 other
227 227 0.3480 other
228 228 0.3480 other
229 229 0.3480 other
230 230 0.3480 other
231 231 0.3480 other
232 232 0.3480 other
233 233 0.3480 other
234 234 0.3480 other
235 235 0.3480 other
236 236 0.3480 other
237 237 0.3480 other
238 238 0.3480 other
239 239 0.3480 other
240 240 0.3480 other
241 241 0.3480 other
242 242 0.3480 other
243 243 0.3480 other
244 244 0.3480 other
245 245 0.3480 other
246 246 0.3480 other
247 247 0.3480 other
248 248 0.3480 other
249 249 0.3480 other
250 250 0.3480 other
251 251 0.3480 other
252 252 0.3480 other
253 253 0.3480 other
254 254 0.3480 other
255 255 0.3480 other
256 256 0.3480 other
257 257 0.3480 other
258 258 0.3480 other
259 259 0.3480 other
260 260 0.3480 other
261 261 0.3480 other
262 262 0.3480 other
263 263 0.3480 other
264 264 0.3480 other
265 265 0.3480 other
266 266 0.3480 other
267 267 0.3480 other
268 268 0.3480 other
269 269 0.3480 other
270 270 0.3480 other
271 271 0.3480 other
272 272 0.3480 other
273 273 0.3480 other
274 274 0.3480 other
275 275 0.3480 other
276 276 0.3480 other
277 277 0.3480 other
278 278 0.3480 other
279 279 0.3480 other
280 280 0.3480 other
281 281 0.3480 other
282 282 0.3480 other
283 283 0.3480 other
284 284 0.3480 other
285 285 0.3480 other
286 286 0.3480 other
287 287 0.3480 other
288 288 0.3480 other
289 289 0.3480 other
290 290 0.3480 other
291 291 0.3480 other
292 292 0.3480 other
293 293 0.3480 other
294 294 0.3480 other
295 295 0.3480 other
296 296 0.3480 other
297 297 0.3480 other
298 298 0.3480 other
299 299 0.3480 other
300 300 0.3480 other
301 301 0.3480 other
302 302 0.3480 other
303 303 0.3480 other
304 304 0.3480 other
305 305 0.3480 other
306 306 0.3480 other
307 307 0.3480 other
308 308 0.3480 other
309 309 0.3480 other
310 310 0.3480 other
311 311 0.3480 other
312 312 0.3480 other
313 313 0.3480 other
314 314 0.3480 other
315 315 0.3480 other
316 316 0.3480 other
317 317 0.3480 other
318 318 0.3480 other
319 319 0.3480 other
320 320 0.3480 other
321 321 0.3480 other
322 322 0.3480 other
323 323 0.3480 other
324 324 0.3480 other
325 325 0.3480 other
326 326 0.3480 other
327 327 0.3480 other
328 328 0.3480 other
329 329 0.3480 other
330 330 0.3480 other
331 331 0.3480 other
332 332 0.3480 other
333 333 0.3480 other
334 334 0.3480 other
335 335 0.3480 other
336 336 0.3480 other
337 337 0.3480 other
338 338 0.3480 other
339 339 0.3480 other
340 340 0.3480 other
341 341 0.3480 other
342 342 0.3480 other
343 343 0.3480 other
344 344 0.3480 other
345 345 0.3480 other
346 346 0.3480 other
347 347 0.3480 other
348 348 0.3480 other
349 349 0.3480 other
350 350 0.3480 other
351 351 0.3480 other
352 352 0.3480 other
353 353 0.3480 other
354 354 0.3480 other
355 355 0.3480 other
356 356 0.3480 other
357 357 0.3480 other
358 358 0.3480 other
359 359 0.3480 other
360 360 0.3480 other
361 361 0.3480 other
362 362 0.3480 other
363 363 0.3480 other
364 364 0.3480 other
365 365 0.3480 other
366 366 0.3480 other
367 367 0.3480 other
368 368 0.3480 other
369 369 0.3480 other
370 370 0.3480 other
371 371 0.3480 other
372 372 0.3480 other
373 373 0.3480 other
374 374 0.3480 other
375 375 0.3480 other
376 376 0.3480 other
377 377 0.3480 other
378 378 0.3480 other
379 379 0.3480 other
380 380 0.3480 other
381 381 0.3480 other
382 382 0.3480 other
383 383 0.3480 other
384 384 0.3480 other
385 385 0.3480 other
386 386 0.3480 other
387 387 0.3480 other
388 388 0.3480 other
389 389 0.3480 other
390 390 0.3480 other
391 391 0.3480 other
392 392 0.3480 other
393 393 0.3480 other
394 394 0.3480 other
395 395 0.3480 other
396 396 0.3480 other
397 397 0.3480 other
398 398 0.3480 other
399 399 0.3480 other
400 400 0.3480 other
401 401 0.3480 other
402 402 0.3480 other
403 403 0.3480 other
404 404 0.3480 other
405 405 0.3480 other
406 406 0.3480 other
407 407 0.3480 other
408 408 0.3480 other
409 409 0.3480 other
410 410 0.3480 other
411 411 0.3480 other
412 412 0.3480 other
413 413 0.3480 other
414 414 0.3480 other
415 415 0.3480 other
416 416 0.3478 other
417 417 0.3476 other
418 418 0.3474 other
419 419 0.3472 other
420 420 0.3471 other
421 421 0.3469 other
422 422 0.3467 other
423 423 0.3465 other
424 424 0.3463 other
425 425 0.3462 other
426 426 0.3460 other
427 427 0.3458 other
428 428 0.3456 other
429 429 0.3455 other
430 430 0.3453 other
431 431 0.3451 other
432 432 0.3449 other
433 433 0.3447 other
434 434 0.3446 other
435 435 0.3444 other
436 436 0.3442 other
437 437 0.3440 other
438 438 0.3439 other
439 439 0.3437 other
440 440 0.3435 other
441 441 0.3433 other
442 442 0.3432 other
443 443 0.3430 other
444 444 0.3428 other
445 445 0.3426 other
446 446 0.3424 other
447 447 0.3423 other
448 448 0.3421 other
449 449 0.3419 other
450 450 0.3417 other
451 451 0.3415 other
452 452 0.3413 other
453 453 0.3411 other
454 454 0.3410 other
455 455 0.3408 other
456 456 0.3406 other
457 457 0.3404 other
458 458 0.3402 other
459 459 0.3399 other
460 460 0.3397 other
461 461 0.3395 other
462 462 0.3393 other
463 463 0.3391 other
464 464 0.3389 other
465 465 0.3386 other
466 466 0.3384 other
467 467 0.3382 other
468 468 0.3379 other
469 469 0.3377 other
470 470 0.3374 other
471 471 0.3371 other
472 472 0.3369 other
473 473 0.3366 other
474 474 0.3363 other
475 475 0.3360 other
476 476 0.3358 other
477 477 0.3355 other
478 478 0.3352 other
479 479 0.3349 other
480 480 0.3345 other
481 481 0.3342 other
482 482 0.3339 other
483 483 0.3336 other
484 484 0.3332 other
485 485 0.3329 other
486 486 0.3325 other
487 487 0.3321 other
488 488 0.3318 other
489 489 0.3314 other
490 490 0.3310 other
491 491 0.3306 other
492 492 0.3302 other
493 493 0.3298 other
494 494 0.3294 other
495 495 0.3289 other
496 496 0.3285 other
497 497 0.3281 other
498 498 0.3276 other
499 499 0.3271 other
500 500 0.3267 other
501 501 0.3262 other
502 502 0.3257 other
503 503 0.3252 other
504 504 0.3247 other
505 505 0.3242 other
506 506 0.3237 other
507 507 0.3232 other
508 508 0.3226 other
509 509 0.3221 other
510 510 0.3216 other
511 511 0.3210 other
512 512 0.3204 other
513 513 0.3199 other
514 514 0.3193 other
515 515 0.3187 other
516 516 0.3181 other
517 517 0.3175 other
518 518 0.3169 other
519 519 0.3163 other
520 520 0.3157 other
521 521 0.3151 other
522 522 0.3144 other
523 523 0.3138 other
524 524 0.3132 other
525 525 0.3125 other
526 526 0.3119 other
527 527 0.3112 other
528 528 0.3105 other
529 529 0.3099 other
530 530 0.3092 other
531 531 0.3085 other
532 532 0.3078 other
533 533 0.3071 other
534 534 0.3064 other
535 535 0.3057 other
536 536 0.3050 other
537 537 0.3043 other
538 538 0.3036 other
539 539 0.3029 other
540 540 0.3021 other
541 541 0.3014 other
542 542 0.3007 other
543 543 0.3000 other
544 544 0.2992 other
545 545 0.2985 other
546 546 0.2977 other
547 547 0.2970 other
548 548 0.2963 other
549 549 0.2955 other
550 550 0.2948 other
551 551 0.2940 other
552 552 0.2932 other
553 553 0.2925 other
554 554 0.2917 other
555 555 0.2910 other
556 556 0.2902 other
557 557 0.2894 other
558 558 0.2887 other
559 559 0.2879 other
560 560 0.2871 other
561 561 0.2864 other
562 562 0.2856 other
563 563 0.2848 other
564 564 0.2841 other
565 565 0.2833 other
566 566 0.2825 other
567 567 0.2818 other
568 568 0.2810 other
569 569 0.2802 other
570 570 0.2795 other
571 571 0.2787 other
572 572 0.2779 other
573 573 0.2772 other
574 574 0.2764 other
575 575 0.2757 other
576 576 0.2749 other
577 577 0.2742 other
578 578 0.2734 other
579 579 0.2727 other
580 580 0.2719 other
581 581 0.2712 other
582 582 0.2705 other
583 583 0.2697 other
584 584 0.2690 other
585 585 0.2683 other
586 586 0.2676 other
587 587 0.2669 other
588 588 0.2662 other
589 589 0.2655 other
590 590 0.2648 other
591 591 0.2641 other
592 592 0.2634 other
593 593 0.2627 other
594 594 0.2620 other
595 595 0.2614 other
596 596 0.2607 other
597 597 0.2601 other
598 598 0.2594 other
599 599 0.2588 other
600 600 0.2582 other
601 601 0.2576 other
602 602 0.2569 other
603 603 0.2563 other
604 604 0.2557 other
605 605 0.2552 other
606 606 0.2546 other
607 607 0.2540 other
608 608 0.2534 other
609 609 0.2529 other
610 610 0.2523 other
611 611 0.2518 other
612 612 0.2512 other
613 613 0.2507 other
614 614 0.2502 other
615 615 0.2497 other
616 616 0.2492 other
617 617 0.2487 other
618 618 0.2482 other
619 619 0.2477 other
620 620 0.2473 other
621 621 0.2468 other
622 622 0.2463 other
623 623 0.2459 other
624 624 0.2455 other
625 625 0.2450 other
626 626 0.2446 other
627 627 0.2442 other
628 628 0.2438 other
629 629 0.2434 other
630 630 0.2430 other
631 631 0.2426 other
632 632 0.2422 other
633 633 0.2418 other
634 634 0.2414 other
635 635 0.2411 other
636 636 0.2407 other
637 637 0.2404 other
638 638 0.2400 other
639 639 0.2397 other
640 640 0.2393 other
641 641 0.2390 other
642 642 0.2387 other
643 643 0.2383 other
644 644 0.2380 other
645 645 0.2377 other
646 646 0.2374 other
647 647 0.2371 other
648 648 0.2368 other
649 649 0.2365 other
650 650 0.2362 other
651 651 0.2359 other
652 652 0.2357 other
653 653 0.2354 other
654 654 0.2351 other
655 655 0.2348 other
656 656 0.2346 other
657 657 0.2343 other
658 658 0.2341 other
659 659 0.2338 other
660 660 0.2336 other
661 661 0.2333 other
662 662 0.2331 other
663 663 0.2328 other
664 664 0.2326 other
665 665 0.2323 other
666 666 0.2321 other
667 667 0.2319 other
668 668 0.2317 other
669 669 0.2314 other
670 670 0.2312 other
671 671 0.2310 other
672 672 0.2308 other
673 673 0.2306 other
674 674 0.2303 other
675 675 0.2301 other
676 676 0.2299 other
677 677 0.2297 other
678 678 0.2295 other
679 679 0.2293 other
680 680 0.2291 other
681 681 0.2289 other
682 682 0.2287 other
683 683 0.2285 other
684 684 0.2283 other
685 685 0.2281 other
686 686 0.2279 other
687 687 0.2277 other
688 688 0.2275 other
689 689 0.2273 other
690 690 0.2271 other
691 691 0.2269 other
692 692 0.2267 other
693 693 0.2265 other
694 694 0.2263 other
695 695 0.2261 other
696 696 0.2259 other
697 697 0.2257 other
698 698 0.2255 other
699 699 0.2253 other
700 700 0.2251 other
701 701 0.2249 other
702 702 0.2247 other
703 703 0.2245 other
704 704 0.2243 other
705 705 0.2241 other
706 706 0.2239 other
707 707 0.2237 other
708 708 0.2235 other
709 709 0.2233 other
710 710 0.2231 other
711 711 0.2229 other
712 712 0.2227 other
713 713 0.2225 other
714 714 0.2223 other
715 715 0.2221 other
716 716 0.2219 other
717 717 0.2217 other
718 718 0.2215 other
719 719 0.2214 other
720 720 0.2212 other
721 721 0.2210 other
722 722 0.2208 other
723 723 0.2206 other
724 724 0.2204 other
725 725 0.2202 other
726 726 0.2200 other
727 727 0.2198 other
728 728 0.2196 other
729 729 0.2194 other
730 730 0.2192 other
731 731 0.2190 other
732 732 0.2188 other
733 733 0.2186 other
734 734 0.2184 other
735 735 0.2182 other
736 736 0.2180 other
737 737 0.2178 other
738 738 0.2176 other
739 739 0.2174 other
740 740 0.2172 other
741 741 0.2170 other
742 742 0.2168 other
743 743 0.2166 other
744 744 0.2164 other
745 745 0.2162 other
746 746 0.2160 other
747 747 0.2158 other
748 748 0.2156 other
749 749 0.2154 other
750 750 0.2152 other
751 751 0.2150 other
752 752 0.2148 other
753 753 0.2146 other
754 754 0.2144 other
755 755 0.2142 other
756 756 0.2140 other
757 757 0.2138 other
758 758 0.2136 other
759 759 0.2134 other
760 760 0.2132 other
761 761 0.2131 other
762 762 0.2129 other
763 763 0.2127 other
764 764 0.2125 other
765 765 0.2123 other
766 766 0.2121 other
767 767 0.2119 other
768 768 0.2117 other
769 769 0.2115 other
770 770 0.2113 other
771 771 0.2111 other
772 772 0.2109 other
773 773 0.2107 other
774 774 0.2105 other
775 775 0.2103 other
776 776 0.2101 other
777 777 0.2099 other
778 778 0.2097 other
779 779 0.2095 other
780 780 0.2093 other
781 781 0.2091 other
782 782 0.2089 other
783 783 0.2087 other
784 784 0.2085 other
785 785 0.2083 other
786 786 0.2081 other
787 787 0.2079 other
788 788 0.2077 other
789 789 0.2075 other
790 790 0.2073 other
791 791 0.2071 other
792 792 0.2069 other
793 793 0.2067 other
794 794 0.2065 other
795 795 0.2063 other
796 796 0.2061 other
797 797 0.2059 other
798 798 0.2057 other
799 799 0.2055 other
800 800 0.2053 other
801 801 0.2051 other
802 802 0.2050 other
803 803 0.2048 other
804 804 0.2046 other
805 805 0.2044 other
806 806 0.2042 other
807 807 0.2040 other
808 808 0.2038 other
809 809 0.2036 other
810 810 0.2034 other
811 811 0.2032 other
812 812 0.2030 other
813 813 0.2028 other
814 814 0.2026 other
815 815 0.2024 other
