21 21 2 0 1 2
22 22 1 0 1 1
23 23 1 0 1 1
24 24 2 0 1 2
25 25 2 0 1 2
26 26 2 0 1 2
27 27 6 0 1 6
28 28 2 0 1 2
29 29 5 0 1 5
30 30 4 0 1 4
31 31 5 0 1 5
32 32 11 0 1 11
33 33 7 0 1 7
34 34 9 0 1 9
35 35 8 0 1 8
36 36 7 0 1 7
37 37 8 0 1 8
38 38 6 0 1 6
39 39 7 0 1 7
40 40 6 0 1 6
41 41 5 0 1 5
42 42 2 0 1 2
43 43 33 0 1 33
44 44 14 0 1 14
45 45 5 0 1 5
46 46 5 0 1 5
47 47 5 0 1 5
48 48 4 0 1 4
49 49 2 0 1 2
50 50 2 0 1 2
51 51 2 0 1 2
52 52 4 0 1 4
53 53 2 0 1 2
54 54 2 0 1 2
55 55 2 0 1 2
56 56 3 0 1 3
57 57 3 0 1 3
58 58 3 0 1 3
59 59 4 0 1 4
60 60 5 0 1 5
61 61 4 0 1 4
62 62 6 0 1 6
63 63 5 0 1 5
64 64 6 0 1 6
65 65 9 0 1 9
66 66 9 0 1 9
67 67 9 0 1 9
68 68 8 0 1 8
69 69 11 0 1 11
70 70 16 0 1 16
71 71 14 0 1 14
72 72 37 0 1 37
73 73 24 0 1 24
74 74 25 0 1 25
75 75 36 0 1 36
76 76 34 0 1 34
77 77 32 0 1 32
78 78 40 0 1 40
79 79 32 0 1 32
80 80 40 0 1 40
81 81 12 0 1 12
82 82 5 0 1 5
83 83 32 0 1 32
84 84 20 0 1 20
85 85 21 0 1 21
86 86 44 0 1 44
87 87 11 0 1 11
88 88 28 0 1 28
89 89 39 0 1 39
90 90 11 0 1 11
91 91 39 0 1 39
92 92 9 0 1 9
93 93 13 0 1 13
94 94 23 0 1 23
95 95 39 0 1 39
96 96 7 0 1 7
97 97 13 0 1 13
98 98 2 0 1 2
100 100 2 0 1 2
101 101 5 0 1 5
104 104 4 0 1 4
105 105 2 0 1 2
106 106 5 0 1 5
108 108 9 0 1 9
109 109 4 0 1 4
110 110 2 0 1 2
111 111 11 0 1 11
113 113 4 0 1 4
114 114 4 0 1 4
116 116 4 0 1 4
118 118 13 0 1 13
122 122 7 0 1 7
135 135 4 0 1 4
137 137 2 0 1 2
141 141 2 0 1 2
142 142 7 0 1 7
143 143 2 0 1 2
147 147 2 0 1 2
151 151 14 0 1 14
152 152 4 0 1 4
168 168 2 0 1 2
175 175 2 0 1 2
205 205 2 0 1 2
237 237 2 0 1 2
247 247 2 0 1 2
248 248 4 0 1 4
253 253 2 0 1 2
256 256 2 0 1 2
258 258 4 0 1 4
259 259 2 0 1 2
260 260 2 0 1 2
271 271 2 0 1 2
273 273 2 0 1 2
274 274 4 0 1 4
277 277 5 0 1 5
278 278 2 0 1 2
279 279 5 0 1 5
280 280 2 0 1 2
284 284 2 0 1 2
285 285 2 0 1 2
289 289 4 0 1 4
290 290 5 0 1 5
291 291 9 0 1 9
293 293 2 0 1 2
294 294 5 0 1 5
295 295 5 0 1 5
296 296 4 0 1 4
297 297 4 0 1 4
298 298 2 0 1 2
299 299 2 0 1 2
300 300 2 0 1 2
301 301 2 0 1 2
303 303 2 0 1 2
304 304 4 0 1 4
305 305 2 0 1 2
307 307 7 0 1 7
308 308 5 0 1 5
309 309 4 0 1 4
310 310 9 0 1 9
311 311 5 0 1 5
312 312 4 0 1 4
313 313 4 0 1 4
314 314 2 0 1 2
315 315 4 0 1 4
316 316 2 0 1 2
317 317 11 0 1 11
318 318 5 0 1 5
319 319 13 0 1 13
320 320 9 0 1 9
321 321 7 0 1 7
322 322 9 0 1 9
323 323 5 0 1 5
324 324 9 0 1 9
325 325 5 0 1 5
326 326 7 0 1 7
327 327 13 0 1 13
328 328 13 0 1 13
329 329 4 0 1 4
330 330 5 0 1 5
331 331 7 0 1 7
332 332 5 0 1 5
333 333 7 0 1 7
334 334 9 0 1 9
335 335 13 0 1 13
336 336 4 0 1 4
337 337 7 0 1 7
338 338 7 0 1 7
339 339 2 0 1 2
340 340 13 0 1 13
341 341 5 0 1 5
342 342 16 0 1 16
343 343 13 0 1 13
307 307 1 1 1 1
308 308 1 1 1 1
309 309 1 1 1 1
310 310 1 1 1 1
311 311 1 1 1 1
312 312 1 1 1 1
313 313 1 1 1 1
314 314 1 1 1 1
315 315 1 1 1 1
316 316 1 1 1 1
317 317 1 1 1 1
318 318 1 1 1 1
319 319 1 1 1 1
320 320 1 1 1 1
321 321 1 1 1 1
322 322 1 1 1 1
323 323 1 1 1 1
324 324 1 1 1 1
325 325 1 1 1 1
326 326 1 1 1 1
327 327 1 1 1 1
328 328 1 1 1 1
329 329 1 1 1 1
330 330 1 1 1 1
331 331 1 1 1 1
332 332 1 1 1 1
333 333 1 1 1 1
334 334 1 1 1 1
335 335 1 1 1 1
336 336 1 1 1 1
337 337 1 1 1 1
338 338 1 1 1 1
339 339 1 1 1 1
340 340 1 1 1 1
341 341 1 1 1 1
342 342 1 1 1 1
343 343 1 1 1 1
344 344 2 1 1 2
345 345 2 1 1 2
346 346 2 1 1 2
347 347 2 1 1 2
348 348 2 1 1 2
349 349 2 1 1 2
350 350 2 1 1 2
351 351 2 1 1 2
352 352 2 1 1 2
353 353 2 1 1 2
354 354 2 1 1 2
355 355 2 1 1 2
356 356 2 1 1 2
357 357 2 1 1 2
358 358 2 1 1 2
359 359 2 1 1 2
360 360 2 1 1 2
361 361 2 1 1 2
362 362 2 1 1 2
363 363 2 1 1 2
364 364 2 1 1 2
365 365 2 1 1 2
366 366 2 1 1 2
367 367 2 1 1 2
368 368 2 1 1 2
369 369 2 1 1 2
370 370 2 1 1 2
371 371 2 1 1 2
372 372 2 1 1 2
373 373 2 1 1 2
374 374 2 1 1 2
375 375 2 1 1 2
376 376 2 1 1 2
377 377 2 1 1 2
378 378 2 1 1 2
379 379 2 1 1 2
380 380 2 1 1 2
381 381 2 1 1 2
382 382 2 1 1 2
383 383 2 1 1 2
384 384 2 1 1 2
385 385 2 1 1 2
386 386 2 1 1 2
387 387 3 1 1 3
388 388 3 1 1 3
389 389 3 1 1 3
390 390 3 1 1 3
391 391 3 1 1 3
392 392 3 1 1 3
393 393 3 1 1 3
394 394 3 1 1 3
395 395 3 1 1 3
396 396 3 1 1 3
397 397 3 1 1 3
398 398 3 1 1 3
399 399 4 1 1 4
400 400 4 1 1 4
401 401 4 1 1 4
402 402 4 1 1 4
403 403 4 1 1 4
404 404 4 1 1 4
405 405 4 1 1 4
406 406 4 1 1 4
407 407 5 1 1 5
408 408 5 1 1 5
409 409 5 1 1 5
410 410 5 1 1 5
411 411 5 1 1 5
412 412 6 1 1 6
413 413 6 1 1 6
414 414 6 1 1 6
415 415 6 1 1 6
416 416 6 1 1 6
417 417 7 1 1 7
418 418 7 1 1 7
419 419 7 1 1 7
420 420 7 1 1 7
421 421 7 1 1 7
422 422 8 1 1 8
423 423 8 1 1 8
424 424 8 1 1 8
425 425 8 1 1 8
426 426 9 1 1 9
427 427 9 1 1 9
428 428 9 1 1 9
429 429 9 1 1 9
430 430 10 1 1 10
431 431 10 1 1 10
432 432 10 1 1 10
433 433 10 1 1 10
434 434 11 1 1 11
435 435 11 1 1 11
436 436 11 1 1 11
437 437 11 1 1 11
438 438 12 1 1 12
439 439 12 1 1 12
440 440 12 1 1 12
441 441 12 1 1 12
442 442 12 1 1 12
443 443 13 1 1 13
444 444 13 1 1 13
445 445 13 1 1 13
446 446 13 1 1 13
447 447 13 1 1 13
448 448 14 1 1 14
449 449 14 1 1 14
450 450 14 1 1 14
451 451 14 1 1 14
452 452 14 1 1 14
453 453 14 1 1 14
454 454 14 1 1 14
455 455 15 1 1 15
456 456 15 1 1 15
457 457 15 1 1 15
458 458 15 1 1 15
459 459 15 1 1 15
460 460 15 1 1 15
461 461 15 1 1 15
462 462 15 1 1 15
463 463 16 1 1 16
464 464 16 1 1 16
465 465 16 1 1 16
466 466 16 1 1 16
467 467 16 1 1 16
468 468 16 1 1 16
469 469 16 1 1 16
470 470 16 1 1 16
471 471 16 1 1 16
472 472 16 1 1 16
473 473 16 1 1 16
474 474 16 1 1 16
475 475 16 1 1 16
476 476 16 1 1 16
477 477 16 1 1 16
478 478 16 1 1 16
479 479 16 1 1 16
480 480 16 1 1 16
481 481 16 1 1 16
482 482 16 1 1 16
483 483 16 1 1 16
484 484 16 1 1 16
485 485 16 1 1 16
486 486 16 1 1 16
487 487 16 1 1 16
488 488 16 1 1 16
489 489 16 1 1 16
490 490 16 1 1 16
491 491 16 1 1 16
492 492 16 1 1 16
493 493 16 1 1 16
494 494 16 1 1 16
495 495 16 1 1 16
496 496 15 1 1 15
497 497 15 1 1 15
498 498 15 1 1 15
499 499 15 1 1 15
500 500 15 1 1 15
501 501 15 1 1 15
502 502 15 1 1 15
503 503 14 1 1 14
504 504 14 1 1 14
505 505 14 1 1 14
506 506 14 1 1 14
507 507 14 1 1 14
508 508 14 1 1 14
509 509 14 1 1 14
510 510 13 1 1 13
511 511 13 1 1 13
512 512 13 1 1 13
513 513 13 1 1 13
514 514 13 1 1 13
515 515 12 1 1 12
516 516 12 1 1 12
517 517 12 1 1 12
518 518 12 1 1 12
519 519 12 1 1 12
520 520 11 1 1 11
521 521 11 1 1 11
522 522 11 1 1 11
523 523 11 1 1 11
524 524 10 1 1 10
525 525 10 1 1 10
526 526 10 1 1 10
527 527 10 1 1 10
528 528 10 1 1 10
529 529 9 1 1 9
530 530 9 1 1 9
531 531 9 1 1 9
532 532 9 1 1 9
533 533 8 1 1 8
534 534 8 1 1 8
535 535 8 1 1 8
536 536 8 1 1 8
537 537 8 1 1 8
538 538 7 1 1 7
539 539 7 1 1 7
540 540 7 1 1 7
541 541 7 1 1 7
542 542 6 1 1 6
543 543 6 1 1 6
544 544 6 1 1 6
545 545 6 1 1 6
546 546 6 1 1 6
547 547 5 1 1 5
548 548 5 1 1 5
549 549 5 1 1 5
550 550 5 1 1 5
551 551 5 1 1 5
552 552 4 1 1 4
553 553 4 1 1 4
554 554 4 1 1 4
555 555 4 1 1 4
556 556 4 1 1 4
557 557 3 1 1 3
558 558 3 1 1 3
559 559 3 1 1 3
560 560 3 1 1 3
561 561 3 1 1 3
562 562 3 1 1 3
563 563 2 1 1 2
564 564 2 1 1 2
565 565 2 1 1 2
566 566 2 1 1 2
567 567 2 1 1 2
568 568 2 1 1 2
569 569 1 1 1 1
570 570 1 1 1 1
571 571 1 1 1 1
572 572 1 1 1 1
573 573 1 1 1 1
574 574 1 1 1 1
575 575 1 1 1 1
576 576 1 1 1 1
577 577 1 1 1 1
578 578 1 1 1 1
579 579 1 1 1 1
409 409 1 2 1 1
410 410 1 2 1 1
411 411 1 2 1 1
412 412 1 2 1 1
413 413 1 2 1 1
414 414 1 2 1 1
415 415 1 2 1 1
416 416 1 2 1 1
417 417 1 2 1 1
418 418 1 2 1 1
419 419 1 2 1 1
420 420 1 2 1 1
421 421 1 2 1 1
422 422 1 2 1 1
423 423 1 2 1 1
424 424 1 2 1 1
425 425 1 2 1 1
426 426 1 2 1 1
427 427 1 2 1 1
428 428 1 2 1 1
429 429 1 2 1 1
430 430 1 2 1 1
431 431 1 2 1 1
432 432 1 2 1 1
433 433 1 2 1 1
434 434 1 2 1 1
435 435 1 2 1 1
436 436 1 2 1 1
437 437 1 2 1 1
438 438 1 2 1 1
439 439 1 2 1 1
440 440 1 2 1 1
441 441 2 2 1 2
442 442 2 2 1 2
443 443 2 2 1 2
444 444 2 2 1 2
445 445 2 2 1 2
446 446 2 2 1 2
447 447 2 2 1 2
448 448 2 2 1 2
449 449 2 2 1 2
450 450 2 2 1 2
451 451 2 2 1 2
452 452 2 2 1 2
453 453 2 2 1 2
454 454 2 2 1 2
455 455 2 2 1 2
456 456 2 2 1 2
368 368 4 3 1 4
371 371 2 3 1 2
377 377 2 3 1 2
378 378 13 3 1 13
380 380 2 3 1 2
381 381 7 3 1 7
382 382 4 3 1 4
383 383 2 3 1 2
384 384 7 3 1 7
386 386 2 3 1 2
387 387 63 3 1 63
394 394 63 3 1 63
401 401 63 3 1 63
408 408 63 3 1 63
415 415 63 3 1 63
422 422 63 3 1 63
429 429 63 3 1 63
436 436 63 3 1 63
443 443 63 3 1 63
450 450 63 3 1 63
457 457 63 3 1 63
464 464 63 3 1 63
471 471 63 3 1 63
478 478 63 3 1 63
485 485 63 3 1 63
492 492 63 3 1 63
499 499 63 3 1 63
506 506 63 3 1 63
513 513 63 3 1 63
517 517 1 4 1 1
518 518 1 4 1 1
519 519 1 4 1 1
520 520 1 4 1 1
521 521 1 4 1 1
522 522 1 4 1 1
523 523 1 4 1 1
524 524 1 4 1 1
525 525 1 4 1 1
526 526 1 4 1 1
527 527 1 4 1 1
528 528 1 4 1 1
529 529 1 4 1 1
530 530 1 4 1 1
531 531 2 4 1 2
532 532 2 4 1 2
533 533 2 4 1 2
534 534 2 4 1 2
535 535 2 4 1 2
536 536 2 4 1 2
537 537 2 4 1 2
538 538 2 4 1 2
539 539 2 4 1 2
540 540 2 4 1 2
541 541 2 4 1 2
542 542 2 4 1 2
543 543 3 4 1 3
544 544 3 4 1 3
545 545 3 4 1 3
546 546 3 4 1 3
547 547 3 4 1 3
548 548 3 4 1 3
549 549 3 4 1 3
550 550 3 4 1 3
551 551 3 4 1 3
552 552 3 4 1 3
553 553 3 4 1 3
554 554 4 4 1 4
555 555 4 4 1 4
556 556 4 4 1 4
557 557 4 4 1 4
558 558 4 4 1 4
559 559 4 4 1 4
560 560 4 4 1 4
561 561 4 4 1 4
562 562 4 4 1 4
563 563 4 4 1 4
564 564 4 4 1 4
565 565 4 4 1 4
566 566 5 4 1 5
567 567 5 4 1 5
568 568 5 4 1 5
569 569 5 4 1 5
570 570 5 4 1 5
571 571 5 4 1 5
572 572 5 4 1 5
573 573 5 4 1 5
574 574 5 4 1 5
575 575 5 4 1 5
576 576 5 4 1 5
577 577 5 4 1 5
578 578 5 4 1 5
579 579 5 4 1 5
580 580 5 4 1 5
581 581 5 4 1 5
582 582 5 4 1 5
583 583 6 4 1 6
584 584 6 4 1 6
585 585 6 4 1 6
586 586 6 4 1 6
587 587 6 4 1 6
588 588 6 4 1 6
589 589 6 4 1 6
590 590 6 4 1 6
591 591 6 4 1 6
592 592 6 4 1 6
593 593 6 4 1 6
594 594 6 4 1 6
595 595 6 4 1 6
596 596 6 4 1 6
597 597 6 4 1 6
598 598 6 4 1 6
599 599 6 4 1 6
600 600 6 4 1 6
601 601 6 4 1 6
602 602 6 4 1 6
603 603 6 4 1 6
604 604 6 4 1 6
605 605 6 4 1 6
606 606 6 4 1 6
607 607 6 4 1 6
608 608 6 4 1 6
609 609 6 4 1 6
610 610 6 4 1 6
611 611 6 4 1 6
612 612 6 4 1 6
613 613 6 4 1 6
614 614 6 4 1 6
615 615 6 4 1 6
616 616 6 4 1 6
617 617 6 4 1 6
618 618 6 4 1 6
619 619 5 4 1 5
620 620 5 4 1 5
621 621 5 4 1 5
622 622 5 4 1 5
623 623 5 4 1 5
624 624 5 4 1 5
625 625 5 4 1 5
626 626 5 4 1 5
627 627 5 4 1 5
628 628 5 4 1 5
629 629 5 4 1 5
630 630 5 4 1 5
631 631 5 4 1 5
632 632 5 4 1 5
633 633 5 4 1 5
634 634 5 4 1 5
635 635 5 4 1 5
636 636 5 4 1 5
637 637 5 4 1 5
638 638 4 4 1 4
639 639 4 4 1 4
640 640 4 4 1 4
641 641 4 4 1 4
642 642 4 4 1 4
643 643 4 4 1 4
644 644 4 4 1 4
645 645 4 4 1 4
646 646 4 4 1 4
647 647 4 4 1 4
648 648 4 4 1 4
649 649 4 4 1 4
650 650 4 4 1 4
651 651 4 4 1 4
652 652 4 4 1 4
653 653 4 4 1 4
654 654 3 4 1 3
655 655 3 4 1 3
656 656 3 4 1 3
657 657 3 4 1 3
658 658 3 4 1 3
659 659 3 4 1 3
660 660 3 4 1 3
661 661 3 4 1 3
662 662 3 4 1 3
663 663 3 4 1 3
664 664 3 4 1 3
665 665 3 4 1 3
666 666 3 4 1 3
667 667 3 4 1 3
668 668 3 4 1 3
669 669 3 4 1 3
670 670 3 4 1 3
671 671 2 4 1 2
672 672 2 4 1 2
673 673 2 4 1 2
674 674 2 4 1 2
675 675 2 4 1 2
676 676 2 4 1 2
677 677 2 4 1 2
678 678 2 4 1 2
679 679 2 4 1 2
680 680 2 4 1 2
681 681 2 4 1 2
682 682 2 4 1 2
683 683 2 4 1 2
684 684 2 4 1 2
685 685 2 4 1 2
686 686 2 4 1 2
687 687 2 4 1 2
688 688 2 4 1 2
689 689 2 4 1 2
690 690 2 4 1 2
691 691 2 4 1 2
692 692 2 4 1 2
693 693 2 4 1 2
694 694 2 4 1 2
695 695 2 4 1 2
696 696 2 4 1 2
697 697 2 4 1 2
698 698 2 4 1 2
699 699 2 4 1 2
700 700 1 4 1 1
701 701 1 4 1 1
702 702 1 4 1 1
703 703 1 4 1 1
704 704 1 4 1 1
705 705 1 4 1 1
706 706 1 4 1 1
707 707 1 4 1 1
708 708 1 4 1 1
709 709 1 4 1 1
710 710 1 4 1 1
711 711 1 4 1 1
712 712 1 4 1 1
713 713 1 4 1 1
714 714 1 4 1 1
715 715 1 4 1 1
716 716 1 4 1 1
717 717 1 4 1 1
718 718 1 4 1 1
719 719 1 4 1 1
720 720 1 4 1 1
721 721 1 4 1 1
722 722 1 4 1 1
723 723 1 4 1 1
724 724 1 4 1 1
725 725 1 4 1 1
726 726 1 4 1 1
727 727 1 4 1 1
728 728 1 4 1 1
729 729 1 4 1 1
730 730 1 4 1 1
731 731 1 4 1 1
732 732 1 4 1 1
733 733 1 4 1 1
734 734 1 4 1 1
735 735 1 4 1 1
736 736 1 4 1 1
737 737 1 4 1 1
738 738 1 4 1 1
739 739 1 4 1 1
740 740 1 4 1 1
741 741 1 4 1 1
742 742 1 4 1 1
743 743 1 4 1 1
744 744 1 4 1 1
745 745 1 4 1 1
746 746 1 4 1 1
747 747 1 4 1 1
680 680 11 5 1 11
681 681 11 5 1 11
682 682 12 5 1 12
683 683 12 5 1 12
684 684 13 5 1 13
685 685 13 5 1 13
686 686 13 5 1 13
687 687 14 5 1 14
688 688 14 5 1 14
689 689 15 5 1 15
690 690 15 5 1 15
691 691 15 5 1 15
692 692 16 5 1 16
693 693 16 5 1 16
694 694 17 5 1 17
695 695 17 5 1 17
696 696 17 5 1 17
697 697 18 5 1 18
698 698 18 5 1 18
699 699 19 5 1 19
700 700 19 5 1 19
701 701 19 5 1 19
702 702 20 5 1 20
703 703 20 5 1 20
704 704 20 5 1 20
705 705 21 5 1 21
706 706 21 5 1 21
707 707 21 5 1 21
708 708 22 5 1 22
709 709 22 5 1 22
710 710 23 5 1 23
711 711 23 5 1 23
712 712 23 5 1 23
713 713 24 5 1 24
714 714 24 5 1 24
715 715 24 5 1 24
716 716 25 5 1 25
717 717 25 5 1 25
718 718 25 5 1 25
719 719 25 5 1 25
720 720 26 5 1 26
721 721 26 5 1 26
722 722 26 5 1 26
723 723 27 5 1 27
724 724 27 5 1 27
725 725 27 5 1 27
726 726 27 5 1 27
727 727 28 5 1 28
728 728 28 5 1 28
729 729 28 5 1 28
730 730 28 5 1 28
731 731 28 5 1 28
732 732 29 5 1 29
733 733 29 5 1 29
734 734 29 5 1 29
735 735 29 5 1 29
736 736 29 5 1 29
737 737 30 5 1 30
738 738 30 5 1 30
739 739 30 5 1 30
740 740 30 5 1 30
741 741 30 5 1 30
742 742 30 5 1 30
743 743 30 5 1 30
744 744 30 5 1 30
745 745 30 5 1 30
746 746 31 5 1 31
747 747 31 5 1 31
748 748 31 5 1 31
749 749 31 5 1 31
750 750 31 5 1 31
751 751 31 5 1 31
752 752 31 5 1 31
753 753 31 5 1 31
754 754 31 5 1 31
755 755 31 5 1 31
756 756 31 5 1 31
757 757 31 5 1 31
758 758 31 5 1 31
759 759 31 5 1 31
760 760 31 5 1 31
761 761 31 5 1 31
762 762 30 5 1 30
763 763 30 5 1 30
764 764 30 5 1 30
765 765 30 5 1 30
766 766 30 5 1 30
767 767 30 5 1 30
768 768 30 5 1 30
769 769 30 5 1 30
770 770 30 5 1 30
771 771 29 5 1 29
772 772 29 5 1 29
773 773 29 5 1 29
774 774 29 5 1 29
775 775 29 5 1 29
776 776 29 5 1 29
777 777 28 5 1 28
778 778 28 5 1 28
779 779 28 5 1 28
780 780 28 5 1 28
781 781 27 5 1 27
782 782 27 5 1 27
783 783 27 5 1 27
784 784 27 5 1 27
785 785 26 5 1 26
786 786 26 5 1 26
787 787 26 5 1 26
788 788 26 5 1 26
789 789 25 5 1 25
790 790 25 5 1 25
791 791 25 5 1 25
792 792 25 5 1 25
793 793 24 5 1 24
794 794 24 5 1 24
795 795 24 5 1 24
796 796 23 5 1 23
797 797 23 5 1 23
798 798 23 5 1 23
799 799 22 5 1 22
800 800 22 5 1 22
801 801 22 5 1 22
802 802 21 5 1 21
803 803 21 5 1 21
804 804 21 5 1 21
805 805 20 5 1 20
806 806 20 5 1 20
807 807 20 5 1 20
808 808 19 5 1 19
809 809 19 5 1 19
810 810 19 5 1 19
811 811 18 5 1 18
812 812 18 5 1 18
813 813 18 5 1 18
814 814 17 5 1 17
815 815 17 5 1 17
816 816 17 5 1 17
817 817 16 5 1 16
818 818 16 5 1 16
819 819 15 5 1 15
820 820 15 5 1 15
821 821 15 5 1 15
822 822 14 5 1 14
823 823 14 5 1 14
824 824 14 5 1 14
825 825 13 5 1 13
826 826 13 5 1 13
827 827 13 5 1 13
828 828 12 5 1 12
829 829 12 5 1 12
830 830 12 5 1 12
831 831 11 5 1 11
832 832 11 5 1 11
833 833 11 5 1 11
834 834 10 5 1 10
835 835 10 5 1 10
836 836 10 5 1 10
837 837 9 5 1 9
838 838 9 5 1 9
839 839 9 5 1 9
840 840 9 5 1 9
841 841 8 5 1 8
842 842 8 5 1 8
843 843 8 5 1 8
844 844 7 5 1 7
845 845 7 5 1 7
846 846 7 5 1 7
847 847 7 5 1 7
848 848 6 5 1 6
849 849 6 5 1 6
850 850 6 5 1 6
851 851 6 5 1 6
852 852 5 5 1 5
853 853 5 5 1 5
854 854 5 5 1 5
855 855 5 5 1 5
856 856 4 5 1 4
857 857 4 5 1 4
858 858 4 5 1 4
859 859 4 5 1 4
860 860 4 5 1 4
861 861 3 5 1 3
862 862 3 5 1 3
863 863 3 5 1 3
864 864 3 5 1 3
865 865 3 5 1 3
866 866 2 5 1 2
867 867 2 5 1 2
868 868 2 5 1 2
869 869 2 5 1 2
870 870 2 5 1 2
871 871 2 5 1 2
872 872 2 5 1 2
873 873 1 5 1 1
874 874 1 5 1 1
875 875 1 5 1 1
876 876 1 5 1 1
877 877 1 5 1 1
878 878 1 5 1 1
879 879 1 5 1 1
880 880 1 5 1 1
881 881 1 5 1 1
882 882 1 5 1 1
997 997 1 5 1 1
998 998 1 5 1 1
999 999 1 5 1 1
1000 1000 1 5 1 1
1001 1001 1 5 1 1
1002 1002 1 5 1 1
1003 1003 1 5 1 1
1004 1004 1 5 1 1
1005 1005 1 5 1 1
1006 1006 1 5 1 1
1007 1007 1 5 1 1
1008 1008 1 5 1 1
1009 1009 1 5 1 1
1010 1010 2 5 1 2
1011 1011 2 5 1 2
1012 1012 2 5 1 2
1013 1013 2 5 1 2
1014 1014 2 5 1 2
1015 1015 2 5 1 2
1016 1016 2 5 1 2
1017 1017 2 5 1 2
1018 1018 2 5 1 2
1019 1019 2 5 1 2
1020 1020 2 5 1 2
1021 1021 2 5 1 2
1022 1022 2 5 1 2
1023 1023 2 5 1 2
1024 1024 2 5 1 2
1025 1025 3 5 1 3
1026 1026 3 5 1 3
1027 1027 3 5 1 3
1028 1028 3 5 1 3
1029 1029 3 5 1 3
1030 1030 3 5 1 3
1031 1031 3 5 1 3
1032 1032 3 5 1 3
1033 1033 3 5 1 3
1034 1034 3 5 1 3
1035 1035 3 5 1 3
1036 1036 3 5 1 3
1037 1037 3 5 1 3
1038 1038 3 5 1 3
1039 1039 3 5 1 3
1040 1040 3 5 1 3
1041 1041 3 5 1 3
1042 1042 3 5 1 3
1043 1043 3 5 1 3
1044 1044 3 5 1 3
1045 1045 3 5 1 3
1046 1046 3 5 1 3
1047 1047 3 5 1 3
1048 1048 3 5 1 3
1049 1049 3 5 1 3
1050 1050 3 5 1 3
1051 1051 3 5 1 3
1052 1052 3 5 1 3
1053 1053 3 5 1 3
1054 1054 3 5 1 3
1055 1055 3 5 1 3
1056 1056 3 5 1 3
1057 1057 3 5 1 3
1058 1058 3 5 1 3
1059 1059 3 5 1 3
1060 1060 3 5 1 3
1061 1061 3 5 1 3
1062 1062 3 5 1 3
1063 1063 3 5 1 3
1064 1064 3 5 1 3
1065 1065 3 5 1 3
1066 1066 2 5 1 2
1067 1067 2 5 1 2
1068 1068 2 5 1 2
1069 1069 2 5 1 2
1070 1070 2 5 1 2
1071 1071 2 5 1 2
1072 1072 2 5 1 2
1073 1073 2 5 1 2
1074 1074 2 5 1 2
1075 1075 2 5 1 2
1076 1076 2 5 1 2
1077 1077 2 5 1 2
1078 1078 2 5 1 2
1079 1079 1 5 1 1
1080 1080 1 5 1 1
1081 1081 1 5 1 1
1082 1082 1 5 1 1
1083 1083 1 5 1 1
1084 1084 1 5 1 1
1085 1085 1 5 1 1
1086 1086 1 5 1 1
1087 1087 1 5 1 1
1088 1088 1 5 1 1
1174 1174 1 5 1 1
1175 1175 1 5 1 1
1176 1176 1 5 1 1
1177 1177 1 5 1 1
1178 1178 1 5 1 1
1179 1179 1 5 1 1
1180 1180 1 5 1 1
1181 1181 1 5 1 1
1182 1182 1 5 1 1
1183 1183 1 5 1 1
1184 1184 1 5 1 1
1185 1185 1 5 1 1
1186 1186 1 5 1 1
1187 1187 1 5 1 1
1188 1188 1 5 1 1
1189 1189 1 5 1 1
1190 1190 1 5 1 1
1191 1191 1 5 1 1
1192 1192 1 5 1 1
1193 1193 1 5 1 1
1194 1194 1 5 1 1
1195 1195 1 5 1 1
1196 1196 1 5 1 1
1197 1197 1 5 1 1
1198 1198 1 5 1 1
1199 1199 1 5 1 1
1200 1200 1 5 1 1
1201 1201 1 5 1 1
1202 1202 1 5 1 1
1203 1203 1 5 1 1
1204 1204 1 5 1 1
1205 1205 1 5 1 1
1206 1206 1 5 1 1
1207 1207 1 5 1 1
1208 1208 1 5 1 1
1209 1209 1 5 1 1
1210 1210 1 5 1 1
1211 1211 1 5 1 1
1212 1212 1 5 1 1
1213 1213 1 5 1 1
1214 1214 1 5 1 1
1215 1215 1 5 1 1
1216 1216 1 5 1 1
1217 1217 1 5 1 1
1218 1218 1 5 1 1
1219 1219 1 5 1 1
1220 1220 1 5 1 1
1221 1221 1 5 1 1
1222 1222 1 5 1 1
1223 1223 1 5 1 1
1224 1224 1 5 1 1
1225 1225 1 5 1 1
1226 1226 1 5 1 1
1227 1227 1 5 1 1
1228 1228 1 5 1 1
1229 1229 1 5 1 1
1230 1230 1 5 1 1
1231 1231 1 5 1 1
1232 1232 1 5 1 1
1233 1233 1 5 1 1
1234 1234 1 5 1 1
1235 1235 1 5 1 1
1236 1236 1 5 1 1
1237 1237 1 5 1 1
1238 1238 1 5 1 1
1239 1239 1 5 1 1
1240 1240 1 5 1 1
1241 1241 1 5 1 1
1242 1242 1 5 1 1
1243 1243 1 5 1 1
1244 1244 1 5 1 1
1245 1245 1 5 1 1
1246 1246 1 5 1 1
1247 1247 1 5 1 1
1248 1248 1 5 1 1
1249 1249 1 5 1 1
1250 1250 1 5 1 1
1251 1251 1 5 1 1
1252 1252 1 5 1 1
1253 1253 1 5 1 1
1254 1254 1 5 1 1
1255 1255 1 5 1 1
1256 1256 1 5 1 1
1257 1257 1 5 1 1
1258 1258 1 5 1 1
1259 1259 1 5 1 1
1260 1260 1 5 1 1
1261 1261 1 5 1 1
1262 1262 1 5 1 1
1263 1263 1 5 1 1
1264 1264 1 5 1 1
1265 1265 1 5 1 1
1266 1266 1 5 1 1
1267 1267 1 5 1 1
1268 1268 1 5 1 1
1269 1269 1 5 1 1
1270 1270 1 5 1 1
1271 1271 1 5 1 1
1272 1272 1 5 1 1
1273 1273 1 5 1 1
1274 1274 1 5 1 1
1275 1275 1 5 1 1
1276 1276 1 5 1 1
1277 1277 1 5 1 1
1278 1278 1 5 1 1
1279 1279 1 5 1 1
1280 1280 1 5 1 1
1281 1281 1 5 1 1
1282 1282 1 5 1 1
1283 1283 1 5 1 1
1284 1284 1 5 1 1
1285 1285 1 5 1 1
714 714 1 5 1 1
715 715 1 5 1 1
716 716 1 5 1 1
717 717 1 5 1 1
718 718 1 5 1 1
719 719 1 5 1 1
720 720 1 5 1 1
721 721 2 5 1 2
722 722 2 5 1 2
723 723 2 5 1 2
724 724 2 5 1 2
725 725 2 5 1 2
726 726 2 5 1 2
727 727 2 5 1 2
728 728 3 5 1 3
729 729 3 5 1 3
730 730 3 5 1 3
731 731 3 5 1 3
732 732 3 5 1 3
733 733 3 5 1 3
734 734 3 5 1 3
735 735 4 5 1 4
736 736 4 5 1 4
737 737 4 5 1 4
738 738 4 5 1 4
739 739 4 5 1 4
740 740 4 5 1 4
741 741 5 5 1 5
742 742 5 5 1 5
743 743 5 5 1 5
744 744 5 5 1 5
745 745 5 5 1 5
746 746 5 5 1 5
747 747 6 5 1 6
748 748 6 5 1 6
749 749 6 5 1 6
750 750 6 5 1 6
751 751 6 5 1 6
752 752 7 5 1 7
753 753 7 5 1 7
754 754 7 5 1 7
755 755 7 5 1 7
756 756 7 5 1 7
757 757 7 5 1 7
758 758 8 5 1 8
759 759 8 5 1 8
760 760 8 5 1 8
761 761 8 5 1 8
762 762 8 5 1 8
763 763 8 5 1 8
764 764 8 5 1 8
765 765 9 5 1 9
766 766 9 5 1 9
767 767 9 5 1 9
768 768 9 5 1 9
769 769 9 5 1 9
770 770 9 5 1 9
771 771 9 5 1 9
772 772 10 5 1 10
773 773 10 5 1 10
774 774 10 5 1 10
775 775 10 5 1 10
776 776 10 5 1 10
777 777 10 5 1 10
778 778 10 5 1 10
779 779 10 5 1 10
780 780 11 5 1 11
781 781 11 5 1 11
782 782 11 5 1 11
783 783 11 5 1 11
784 784 11 5 1 11
785 785 11 5 1 11
786 786 11 5 1 11
787 787 11 5 1 11
788 788 11 5 1 11
789 789 11 5 1 11
790 790 11 5 1 11
791 791 12 5 1 12
792 792 12 5 1 12
793 793 12 5 1 12
794 794 12 5 1 12
795 795 12 5 1 12
796 796 12 5 1 12
797 797 12 5 1 12
798 798 12 5 1 12
799 799 12 5 1 12
800 800 12 5 1 12
801 801 12 5 1 12
802 802 12 5 1 12
803 803 12 5 1 12
804 804 12 5 1 12
805 805 12 5 1 12
806 806 12 5 1 12
807 807 12 5 1 12
808 808 12 5 1 12
809 809 12 5 1 12
810 810 12 5 1 12
811 811 12 5 1 12
812 812 12 5 1 12
813 813 12 5 1 12
814 814 12 5 1 12
815 815 12 5 1 12
816 816 12 5 1 12
817 817 12 5 1 12
818 818 12 5 1 12
819 819 12 5 1 12
820 820 12 5 1 12
821 821 12 5 1 12
822 822 12 5 1 12
823 823 12 5 1 12
824 824 12 5 1 12
825 825 11 5 1 11
826 826 11 5 1 11
827 827 11 5 1 11
828 828 11 5 1 11
829 829 11 5 1 11
830 830 11 5 1 11
831 831 11 5 1 11
832 832 11 5 1 11
833 833 11 5 1 11
834 834 11 5 1 11
835 835 11 5 1 11
836 836 11 5 1 11
837 837 10 5 1 10
838 838 10 5 1 10
839 839 10 5 1 10
840 840 10 5 1 10
841 841 10 5 1 10
842 842 10 5 1 10
843 843 10 5 1 10
844 844 10 5 1 10
845 845 10 5 1 10
846 846 9 5 1 9
847 847 9 5 1 9
848 848 9 5 1 9
849 849 9 5 1 9
850 850 9 5 1 9
851 851 9 5 1 9
852 852 9 5 1 9
853 853 8 5 1 8
854 854 8 5 1 8
855 855 8 5 1 8
856 856 8 5 1 8
857 857 8 5 1 8
858 858 8 5 1 8
859 859 8 5 1 8
860 860 7 5 1 7
861 861 7 5 1 7
862 862 7 5 1 7
863 863 7 5 1 7
864 864 7 5 1 7
865 865 7 5 1 7
866 866 7 5 1 7
867 867 6 5 1 6
868 868 6 5 1 6
869 869 6 5 1 6
870 870 6 5 1 6
871 871 6 5 1 6
872 872 6 5 1 6
873 873 5 5 1 5
874 874 5 5 1 5
875 875 5 5 1 5
876 876 5 5 1 5
877 877 5 5 1 5
878 878 5 5 1 5
879 879 5 5 1 5
880 880 4 5 1 4
881 881 4 5 1 4
882 882 4 5 1 4
883 883 4 5 1 4
884 884 4 5 1 4
885 885 4 5 1 4
886 886 4 5 1 4
887 887 3 5 1 3
888 888 3 5 1 3
889 889 3 5 1 3
890 890 3 5 1 3
891 891 3 5 1 3
892 892 3 5 1 3
893 893 3 5 1 3
894 894 2 5 1 2
895 895 2 5 1 2
896 896 2 5 1 2
897 897 2 5 1 2
898 898 2 5 1 2
899 899 2 5 1 2
900 900 2 5 1 2
901 901 2 5 1 2
902 902 1 5 1 1
903 903 1 5 1 1
904 904 1 5 1 1
905 905 1 5 1 1
906 906 1 5 1 1
907 907 1 5 1 1
908 908 1 5 1 1
909 909 1 5 1 1
910 910 1 5 1 1
925 925 1 5 1 1
926 926 1 5 1 1
927 927 1 5 1 1
928 928 1 5 1 1
929 929 1 5 1 1
930 930 1 5 1 1
931 931 1 5 1 1
932 932 1 5 1 1
933 933 1 5 1 1
934 934 1 5 1 1
935 935 1 5 1 1
936 936 1 5 1 1
937 937 1 5 1 1
938 938 1 5 1 1
939 939 1 5 1 1
940 940 1 5 1 1
941 941 1 5 1 1
942 942 1 5 1 1
943 943 1 5 1 1
944 944 1 5 1 1
945 945 1 5 1 1
946 946 1 5 1 1
947 947 1 5 1 1
948 948 1 5 1 1
949 949 1 5 1 1
950 950 1 5 1 1
951 951 1 5 1 1
952 952 1 5 1 1
953 953 1 5 1 1
954 954 1 5 1 1
955 955 1 5 1 1
956 956 1 5 1 1
957 957 1 5 1 1
958 958 1 5 1 1
959 959 1 5 1 1
960 960 1 5 1 1
961 961 1 5 1 1
962 962 1 5 1 1
963 963 1 5 1 1
964 964 1 5 1 1
965 965 1 5 1 1
966 966 1 5 1 1
967 967 1 5 1 1
1072 1072 1 5 1 1
1073 1073 1 5 1 1
1074 1074 1 5 1 1
1075 1075 1 5 1 1
1076 1076 1 5 1 1
1077 1077 1 5 1 1
1078 1078 1 5 1 1
1079 1079 1 5 1 1
1080 1080 1 5 1 1
1081 1081 1 5 1 1
1082 1082 1 5 1 1
1083 1083 1 5 1 1
1084 1084 1 5 1 1
1085 1085 1 5 1 1
1086 1086 1 5 1 1
1087 1087 2 5 1 2
1088 1088 2 5 1 2
1089 1089 2 5 1 2
1090 1090 2 5 1 2
1091 1091 2 5 1 2
1092 1092 2 5 1 2
1093 1093 2 5 1 2
1094 1094 2 5 1 2
1095 1095 3 5 1 3
1096 1096 3 5 1 3
1097 1097 3 5 1 3
1098 1098 3 5 1 3
1099 1099 3 5 1 3
1100 1100 3 5 1 3
1101 1101 4 5 1 4
1102 1102 4 5 1 4
1103 1103 4 5 1 4
1104 1104 4 5 1 4
1105 1105 4 5 1 4
1106 1106 4 5 1 4
1107 1107 5 5 1 5
1108 1108 5 5 1 5
1109 1109 5 5 1 5
1110 1110 5 5 1 5
1111 1111 5 5 1 5
1112 1112 5 5 1 5
1113 1113 6 5 1 6
1114 1114 6 5 1 6
1115 1115 6 5 1 6
1116 1116 6 5 1 6
1117 1117 6 5 1 6
1118 1118 6 5 1 6
1119 1119 7 5 1 7
1120 1120 7 5 1 7
1121 1121 7 5 1 7
1122 1122 7 5 1 7
1123 1123 7 5 1 7
1124 1124 8 5 1 8
1125 1125 8 5 1 8
1126 1126 8 5 1 8
1127 1127 8 5 1 8
1128 1128 8 5 1 8
1129 1129 9 5 1 9
1130 1130 9 5 1 9
1131 1131 9 5 1 9
1132 1132 9 5 1 9
1133 1133 9 5 1 9
1134 1134 10 5 1 10
1135 1135 10 5 1 10
1136 1136 10 5 1 10
1137 1137 10 5 1 10
1138 1138 10 5 1 10
1139 1139 11 5 1 11
1140 1140 11 5 1 11
1141 1141 11 5 1 11
1142 1142 11 5 1 11
1143 1143 12 5 1 12
1144 1144 12 5 1 12
1145 1145 12 5 1 12
1146 1146 12 5 1 12
1147 1147 12 5 1 12
1148 1148 13 5 1 13
1149 1149 13 5 1 13
1150 1150 13 5 1 13
1151 1151 13 5 1 13
1152 1152 14 5 1 14
1153 1153 14 5 1 14
1154 1154 14 5 1 14
1155 1155 14 5 1 14
1156 1156 15 5 1 15
1157 1157 15 5 1 15
1158 1158 15 5 1 15
1159 1159 15 5 1 15
1160 1160 15 5 1 15
1161 1161 16 5 1 16
1162 1162 16 5 1 16
1163 1163 16 5 1 16
1164 1164 16 5 1 16
1165 1165 17 5 1 17
1166 1166 17 5 1 17
1167 1167 17 5 1 17
1168 1168 18 5 1 18
1169 1169 18 5 1 18
1170 1170 18 5 1 18
1171 1171 18 5 1 18
1172 1172 19 5 1 19
1173 1173 19 5 1 19
1174 1174 19 5 1 19
1175 1175 19 5 1 19
1176 1176 20 5 1 20
1177 1177 20 5 1 20
1178 1178 20 5 1 20
1179 1179 20 5 1 20
1180 1180 21 5 1 21
1181 1181 21 5 1 21
1182 1182 21 5 1 21
1183 1183 22 5 1 22
1184 1184 22 5 1 22
1185 1185 22 5 1 22
1186 1186 22 5 1 22
1187 1187 23 5 1 23
1188 1188 23 5 1 23
1189 1189 23 5 1 23
1190 1190 24 5 1 24
1191 1191 24 5 1 24
1192 1192 24 5 1 24
1193 1193 24 5 1 24
1194 1194 25 5 1 25
1195 1195 25 5 1 25
1196 1196 25 5 1 25
1197 1197 26 5 1 26
1198 1198 26 5 1 26
1199 1199 26 5 1 26
1200 1200 27 5 1 27
1201 1201 27 5 1 27
1202 1202 27 5 1 27
1203 1203 28 5 1 28
1204 1204 28 5 1 28
1205 1205 28 5 1 28
1206 1206 28 5 1 28
1207 1207 29 5 1 29
1208 1208 29 5 1 29
1209 1209 29 5 1 29
1210 1210 30 5 1 30
1211 1211 30 5 1 30
1212 1212 30 5 1 30
1213 1213 31 5 1 31
1214 1214 31 5 1 31
1215 1215 31 5 1 31
1216 1216 32 5 1 32
1217 1217 32 5 1 32
1218 1218 32 5 1 32
1219 1219 33 5 1 33
1220 1220 33 5 1 33
1221 1221 33 5 1 33
1222 1222 34 5 1 34
1223 1223 34 5 1 34
1224 1224 34 5 1 34
1225 1225 35 5 1 35
1226 1226 35 5 1 35
1227 1227 35 5 1 35
1228 1228 36 5 1 36
1229 1229 36 5 1 36
1230 1230 37 5 1 37
1231 1231 37 5 1 37
1232 1232 37 5 1 37
1233 1233 38 5 1 38
1234 1234 38 5 1 38
1235 1235 38 5 1 38
1236 1236 39 5 1 39
1237 1237 39 5 1 39
1238 1238 39 5 1 39
1239 1239 40 5 1 40
1240 1240 40 5 1 40
1241 1241 40 5 1 40
1242 1242 41 5 1 41
1243 1243 41 5 1 41
1244 1244 42 5 1 42
1245 1245 42 5 1 42
1246 1246 42 5 1 42
1247 1247 43 5 1 43
1248 1248 43 5 1 43
1249 1249 43 5 1 43
1250 1250 44 5 1 44
1251 1251 44 5 1 44
1252 1252 45 5 1 45
1253 1253 45 5 1 45
1254 1254 45 5 1 45
1255 1255 46 5 1 46
1256 1256 46 5 1 46
1257 1257 47 5 1 47
1258 1258 47 5 1 47
1259 1259 47 5 1 47
1260 1260 48 5 1 48
1261 1261 48 5 1 48
1262 1262 49 5 1 49
1263 1263 49 5 1 49
1264 1264 49 5 1 49
1265 1265 50 5 1 50
1266 1266 50 5 1 50
1267 1267 51 5 1 51
1268 1268 51 5 1 51
1269 1269 51 5 1 51
1270 1270 52 5 1 52
1271 1271 52 5 1 52
1272 1272 53 5 1 53
1273 1273 53 5 1 53
1274 1274 54 5 1 54
1275 1275 54 5 1 54
1276 1276 54 5 1 54
1277 1277 55 5 1 55
1278 1278 55 5 1 55
1279 1279 56 5 1 56
1280 1280 56 5 1 56
1281 1281 56 5 1 56
1282 1282 57 5 1 57
1283 1283 57 5 1 57
1284 1284 58 5 1 58
1285 1285 58 5 1 58
839 839 1 5 1 1
840 840 1 5 1 1
841 841 1 5 1 1
842 842 1 5 1 1
843 843 1 5 1 1
844 844 1 5 1 1
845 845 1 5 1 1
846 846 1 5 1 1
847 847 1 5 1 1
848 848 1 5 1 1
849 849 1 5 1 1
850 850 1 5 1 1
851 851 1 5 1 1
852 852 1 5 1 1
853 853 1 5 1 1
854 854 1 5 1 1
855 855 1 5 1 1
856 856 1 5 1 1
857 857 1 5 1 1
858 858 1 5 1 1
859 859 1 5 1 1
860 860 1 5 1 1
861 861 1 5 1 1
862 862 1 5 1 1
863 863 1 5 1 1
864 864 1 5 1 1
865 865 1 5 1 1
866 866 1 5 1 1
867 867 1 5 1 1
868 868 1 5 1 1
869 869 1 5 1 1
870 870 1 5 1 1
871 871 1 5 1 1
872 872 1 5 1 1
873 873 1 5 1 1
874 874 1 5 1 1
875 875 1 5 1 1
876 876 1 5 1 1
877 877 1 5 1 1
878 878 1 5 1 1
879 879 1 5 1 1
880 880 1 5 1 1
881 881 1 5 1 1
882 882 1 5 1 1
883 883 1 5 1 1
884 884 1 5 1 1
885 885 1 5 1 1
886 886 1 5 1 1
887 887 1 5 1 1
888 888 1 5 1 1
889 889 1 5 1 1
890 890 1 5 1 1
891 891 1 5 1 1
892 892 1 5 1 1
893 893 1 5 1 1
894 894 1 5 1 1
895 895 1 5 1 1
896 896 1 5 1 1
897 897 1 5 1 1
898 898 1 5 1 1
899 899 1 5 1 1
931 931 1 5 1 1
932 932 1 5 1 1
933 933 1 5 1 1
934 934 1 5 1 1
935 935 1 5 1 1
936 936 1 5 1 1
937 937 1 5 1 1
938 938 1 5 1 1
939 939 1 5 1 1
940 940 1 5 1 1
941 941 1 5 1 1
942 942 1 5 1 1
943 943 1 5 1 1
944 944 1 5 1 1
945 945 1 5 1 1
946 946 1 5 1 1
947 947 1 5 1 1
948 948 1 5 1 1
949 949 1 5 1 1
950 950 1 5 1 1
951 951 1 5 1 1
952 952 1 5 1 1
953 953 1 5 1 1
954 954 1 5 1 1
955 955 2 5 1 2
956 956 2 5 1 2
957 957 2 5 1 2
958 958 2 5 1 2
959 959 2 5 1 2
960 960 2 5 1 2
961 961 2 5 1 2
962 962 2 5 1 2
963 963 2 5 1 2
964 964 2 5 1 2
965 965 2 5 1 2
966 966 2 5 1 2
967 967 2 5 1 2
968 968 2 5 1 2
969 969 2 5 1 2
970 970 2 5 1 2
971 971 2 5 1 2
972 972 2 5 1 2
973 973 2 5 1 2
974 974 2 5 1 2
975 975 2 5 1 2
976 976 2 5 1 2
977 977 2 5 1 2
978 978 2 5 1 2
979 979 2 5 1 2
980 980 3 5 1 3
981 981 3 5 1 3
982 982 3 5 1 3
983 983 3 5 1 3
984 984 3 5 1 3
985 985 3 5 1 3
986 986 3 5 1 3
987 987 3 5 1 3
988 988 3 5 1 3
989 989 3 5 1 3
990 990 3 5 1 3
991 991 3 5 1 3
992 992 3 5 1 3
993 993 3 5 1 3
994 994 3 5 1 3
995 995 3 5 1 3
996 996 3 5 1 3
997 997 3 5 1 3
998 998 3 5 1 3
999 999 3 5 1 3
1000 1000 3 5 1 3
1001 1001 3 5 1 3
1002 1002 3 5 1 3
1003 1003 3 5 1 3
1004 1004 3 5 1 3
1005 1005 3 5 1 3
1006 1006 3 5 1 3
1007 1007 3 5 1 3
1008 1008 3 5 1 3
1009 1009 3 5 1 3
1010 1010 3 5 1 3
1011 1011 3 5 1 3
1012 1012 3 5 1 3
1013 1013 3 5 1 3
1014 1014 3 5 1 3
1015 1015 3 5 1 3
1016 1016 3 5 1 3
1017 1017 3 5 1 3
1018 1018 3 5 1 3
1019 1019 3 5 1 3
1020 1020 3 5 1 3
1021 1021 3 5 1 3
1022 1022 3 5 1 3
1023 1023 3 5 1 3
1024 1024 3 5 1 3
1025 1025 3 5 1 3
1026 1026 3 5 1 3
1027 1027 3 5 1 3
1028 1028 3 5 1 3
1029 1029 3 5 1 3
1030 1030 3 5 1 3
1031 1031 3 5 1 3
1032 1032 3 5 1 3
1033 1033 3 5 1 3
1034 1034 3 5 1 3
1035 1035 3 5 1 3
1036 1036 3 5 1 3
1037 1037 3 5 1 3
1038 1038 3 5 1 3
1039 1039 3 5 1 3
1040 1040 3 5 1 3
1041 1041 3 5 1 3
1042 1042 3 5 1 3
1043 1043 3 5 1 3
1044 1044 3 5 1 3
1045 1045 3 5 1 3
1046 1046 3 5 1 3
1047 1047 3 5 1 3
1048 1048 3 5 1 3
1049 1049 3 5 1 3
1050 1050 3 5 1 3
1051 1051 3 5 1 3
1052 1052 3 5 1 3
1053 1053 3 5 1 3
1054 1054 2 5 1 2
1055 1055 2 5 1 2
1056 1056 2 5 1 2
1057 1057 2 5 1 2
1058 1058 2 5 1 2
1059 1059 2 5 1 2
1060 1060 2 5 1 2
1061 1061 2 5 1 2
1062 1062 2 5 1 2
1063 1063 2 5 1 2
1064 1064 2 5 1 2
1065 1065 2 5 1 2
1066 1066 2 5 1 2
1067 1067 2 5 1 2
1068 1068 2 5 1 2
1069 1069 2 5 1 2
1070 1070 2 5 1 2
1071 1071 2 5 1 2
1072 1072 2 5 1 2
1073 1073 1 5 1 1
1074 1074 1 5 1 1
1075 1075 1 5 1 1
1076 1076 1 5 1 1
1077 1077 1 5 1 1
1078 1078 1 5 1 1
1079 1079 1 5 1 1
1080 1080 1 5 1 1
1081 1081 1 5 1 1
1082 1082 1 5 1 1
1083 1083 1 5 1 1
1084 1084 1 5 1 1
1085 1085 1 5 1 1
1086 1086 1 5 1 1
1087 1087 1 5 1 1
1088 1088 1 5 1 1
1089 1089 1 5 1 1
1090 1090 1 5 1 1
1091 1091 1 5 1 1
1092 1092 1 5 1 1
1093 1093 1 5 1 1
1094 1094 1 5 1 1
1221 1221 1 5 1 1
1222 1222 1 5 1 1
1223 1223 1 5 1 1
1224 1224 1 5 1 1
1225 1225 1 5 1 1
1226 1226 1 5 1 1
1227 1227 1 5 1 1
1228 1228 1 5 1 1
1229 1229 1 5 1 1
1230 1230 1 5 1 1
1231 1231 1 5 1 1
1232 1232 1 5 1 1
1233 1233 1 5 1 1
1234 1234 1 5 1 1
1235 1235 1 5 1 1
1236 1236 1 5 1 1
1237 1237 1 5 1 1
1238 1238 1 5 1 1
1239 1239 1 5 1 1
1240 1240 1 5 1 1
1241 1241 1 5 1 1
1242 1242 1 5 1 1
1243 1243 1 5 1 1
1244 1244 1 5 1 1
1245 1245 1 5 1 1
1246 1246 1 5 1 1
1247 1247 1 5 1 1
1248 1248 1 5 1 1
1249 1249 1 5 1 1
1250 1250 1 5 1 1
1251 1251 1 5 1 1
1252 1252 1 5 1 1
1253 1253 1 5 1 1
1254 1254 1 5 1 1
1255 1255 1 5 1 1
1256 1256 1 5 1 1
1257 1257 1 5 1 1
1258 1258 1 5 1 1
1259 1259 1 5 1 1
1260 1260 1 5 1 1
1261 1261 1 5 1 1
1262 1262 1 5 1 1
1263 1263 1 5 1 1
1264 1264 1 5 1 1
1265 1265 1 5 1 1
1266 1266 1 5 1 1
1267 1267 1 5 1 1
1268 1268 1 5 1 1
1269 1269 1 5 1 1
1270 1270 1 5 1 1
1271 1271 1 5 1 1
1272 1272 1 5 1 1
1273 1273 1 5 1 1
1274 1274 1 5 1 1
1275 1275 1 5 1 1
1276 1276 1 5 1 1
1277 1277 1 5 1 1
1278 1278 1 5 1 1
1279 1279 1 5 1 1
1280 1280 1 5 1 1
1281 1281 1 5 1 1
1282 1282 1 5 1 1
1283 1283 1 5 1 1
1284 1284 1 5 1 1
1285 1285 1 5 1 1
885 885 1 6 1 1
886 886 1 6 1 1
887 887 2 6 1 2
888 888 2 6 1 2
889 889 2 6 1 2
890 890 2 6 1 2
891 891 2 6 1 2
892 892 2 6 1 2
893 893 2 6 1 2
894 894 2 6 1 2
895 895 2 6 1 2
896 896 2 6 1 2
897 897 2 6 1 2
898 898 3 6 1 3
899 899 3 6 1 3
900 900 3 6 1 3
901 901 3 6 1 3
902 902 3 6 1 3
903 903 3 6 1 3
904 904 3 6 1 3
905 905 3 6 1 3
906 906 4 6 1 4
907 907 4 6 1 4
908 908 4 6 1 4
909 909 4 6 1 4
910 910 4 6 1 4
911 911 4 6 1 4
912 912 5 6 1 5
913 913 5 6 1 5
914 914 5 6 1 5
915 915 5 6 1 5
916 916 5 6 1 5
917 917 5 6 1 5
918 918 6 6 1 6
919 919 6 6 1 6
920 920 6 6 1 6
921 921 6 6 1 6
922 922 6 6 1 6
923 923 7 6 1 7
924 924 7 6 1 7
925 925 7 6 1 7
926 926 7 6 1 7
927 927 7 6 1 7
928 928 8 6 1 8
929 929 8 6 1 8
930 930 8 6 1 8
931 931 8 6 1 8
932 932 9 6 1 9
933 933 9 6 1 9
934 934 9 6 1 9
935 935 9 6 1 9
936 936 10 6 1 10
937 937 10 6 1 10
938 938 10 6 1 10
939 939 11 6 1 11
940 940 11 6 1 11
941 941 11 6 1 11
942 942 11 6 1 11
943 943 12 6 1 12
944 944 12 6 1 12
945 945 12 6 1 12
946 946 13 6 1 13
947 947 13 6 1 13
948 948 13 6 1 13
949 949 14 6 1 14
950 950 14 6 1 14
951 951 14 6 1 14
952 952 14 6 1 14
953 953 15 6 1 15
954 954 15 6 1 15
955 955 16 6 1 16
956 956 16 6 1 16
957 957 16 6 1 16
958 958 17 6 1 17
959 959 17 6 1 17
960 960 17 6 1 17
961 961 18 6 1 18
962 962 18 6 1 18
963 963 18 6 1 18
964 964 19 6 1 19
965 965 19 6 1 19
966 966 20 6 1 20
967 967 20 6 1 20
968 968 20 6 1 20
969 969 21 6 1 21
970 970 21 6 1 21
971 971 22 6 1 22
972 972 22 6 1 22
973 973 22 6 1 22
974 974 23 6 1 23
975 975 23 6 1 23
976 976 24 6 1 24
977 977 24 6 1 24
978 978 25 6 1 25
979 979 25 6 1 25
980 980 26 6 1 26
981 981 26 6 1 26
982 982 26 6 1 26
983 983 27 6 1 27
984 984 27 6 1 27
985 985 28 6 1 28
986 986 28 6 1 28
987 987 29 6 1 29
988 988 29 6 1 29
989 989 30 6 1 30
990 990 30 6 1 30
991 991 31 6 1 31
992 992 31 6 1 31
993 993 32 6 1 32
994 994 32 6 1 32
995 995 33 6 1 33
996 996 33 6 1 33
997 997 34 6 1 34
998 998 34 6 1 34
999 999 35 6 1 35
1000 1000 35 6 1 35
1001 1001 36 6 1 36
1002 1002 37 6 1 37
1003 1003 37 6 1 37
1004 1004 38 6 1 38
1005 1005 38 6 1 38
1006 1006 39 6 1 39
1007 1007 39 6 1 39
1008 1008 40 6 1 40
1009 1009 40 6 1 40
1010 1010 41 6 1 41
1011 1011 42 6 1 42
1012 1012 42 6 1 42
1013 1013 43 6 1 43
1014 1014 43 6 1 43
1015 1015 44 6 1 44
1016 1016 44 6 1 44
1017 1017 45 6 1 45
1018 1018 46 6 1 46
1019 1019 46 6 1 46
1020 1020 47 6 1 47
1021 1021 47 6 1 47
1022 1022 48 6 1 48
1023 1023 49 6 1 49
1024 1024 49 6 1 49
1025 1025 50 6 1 50
1026 1026 51 6 1 51
1027 1027 51 6 1 51
1028 1028 52 6 1 52
1029 1029 53 6 1 53
1030 1030 53 6 1 53
1031 1031 54 6 1 54
1032 1032 54 6 1 54
1033 1033 55 6 1 55
1034 1034 56 6 1 56
1035 1035 56 6 1 56
1036 1036 57 6 1 57
1037 1037 58 6 1 58
1038 1038 58 6 1 58
1039 1039 59 6 1 59
1040 1040 60 6 1 60
1041 1041 60 6 1 60
1042 1042 61 6 1 61
1043 1043 62 6 1 62
1044 1044 63 6 1 63
1045 1045 63 6 1 63
1046 1046 64 6 1 64
1047 1047 65 6 1 65
1048 1048 65 6 1 65
1049 1049 66 6 1 66
1050 1050 67 6 1 67
1051 1051 68 6 1 68
1052 1052 68 6 1 68
1053 1053 69 6 1 69
1054 1054 70 6 1 70
1055 1055 70 6 1 70
1056 1056 71 6 1 71
1057 1057 72 6 1 72
1058 1058 73 6 1 73
1059 1059 73 6 1 73
1060 1060 74 6 1 74
1061 1061 75 6 1 75
1062 1062 76 6 1 76
1063 1063 77 6 1 77
1064 1064 77 6 1 77
1065 1065 78 6 1 78
1066 1066 79 6 1 79
1067 1067 80 6 1 80
1068 1068 80 6 1 80
1069 1069 81 6 1 81
1070 1070 82 6 1 82
1071 1071 83 6 1 83
1072 1072 84 6 1 84
1073 1073 84 6 1 84
1074 1074 85 6 1 85
1075 1075 86 6 1 86
1076 1076 87 6 1 87
1077 1077 88 6 1 88
1078 1078 88 6 1 88
1079 1079 89 6 1 89
1080 1080 90 6 1 90
1081 1081 91 6 1 91
1082 1082 92 6 1 92
1083 1083 93 6 1 93
1084 1084 94 6 1 94
1085 1085 94 6 1 94
1086 1086 95 6 1 95
1087 1087 96 6 1 96
1088 1088 97 6 1 97
1089 1089 98 6 1 98
1090 1090 99 6 1 99
1091 1091 100 6 1 100
1092 1092 100 6 1 100
1093 1093 101 6 1 101
1094 1094 102 6 1 102
1095 1095 103 6 1 103
1096 1096 104 6 1 104
1097 1097 105 6 1 105
1098 1098 106 6 1 106
1099 1099 107 6 1 107
1100 1100 108 6 1 108
1101 1101 108 6 1 108
1102 1102 109 6 1 109
1103 1103 110 6 1 110
1104 1104 111 6 1 111
1105 1105 112 6 1 112
1106 1106 113 6 1 113
1107 1107 114 6 1 114
1108 1108 115 6 1 115
1109 1109 116 6 1 116
1110 1110 117 6 1 117
1111 1111 118 6 1 118
1112 1112 119 6 1 119
1113 1113 120 6 1 120
1114 1114 121 6 1 121
1115 1115 122 6 1 122
1116 1116 123 6 1 123
1117 1117 124 6 1 124
1118 1118 125 6 1 125
1119 1119 126 6 1 126
1120 1120 126 6 1 126
1121 1121 127 6 1 127
1122 1122 128 6 1 128
1123 1123 129 6 1 129
1124 1124 130 6 1 130
1125 1125 131 6 1 131
1126 1126 132 6 1 132
1127 1127 133 6 1 133
1128 1128 134 6 1 134
1129 1129 135 6 1 135
1130 1130 137 6 1 137
1131 1131 138 6 1 138
1132 1132 139 6 1 139
1133 1133 140 6 1 140
1134 1134 141 6 1 141
1135 1135 142 6 1 142
1136 1136 143 6 1 143
1137 1137 144 6 1 144
1138 1138 145 6 1 145
1139 1139 146 6 1 146
1140 1140 147 6 1 147
1141 1141 148 6 1 148
1142 1142 149 6 1 149
1143 1143 150 6 1 150
1144 1144 151 6 1 151
1145 1145 152 6 1 152
1146 1146 153 6 1 153
1147 1147 154 6 1 154
1148 1148 155 6 1 155
1149 1149 157 6 1 157
1150 1150 158 6 1 158
1151 1151 159 6 1 159
1152 1152 160 6 1 160
1153 1153 161 6 1 161
1154 1154 162 6 1 162
1155 1155 163 6 1 163
1156 1156 164 6 1 164
1157 1157 165 6 1 165
1158 1158 167 6 1 167
1159 1159 168 6 1 168
1160 1160 169 6 1 169
1161 1161 170 6 1 170
1162 1162 171 6 1 171
1163 1163 172 6 1 172
1164 1164 173 6 1 173
1165 1165 174 6 1 174
1166 1166 176 6 1 176
1167 1167 177 6 1 177
1168 1168 178 6 1 178
1169 1169 179 6 1 179
1170 1170 180 6 1 180
1171 1171 181 6 1 181
1172 1172 183 6 1 183
1173 1173 184 6 1 184
1174 1174 185 6 1 185
1175 1175 186 6 1 186
1176 1176 187 6 1 187
1177 1177 189 6 1 189
1178 1178 190 6 1 190
1179 1179 191 6 1 191
1180 1180 192 6 1 192
1181 1181 193 6 1 193
1182 1182 195 6 1 195
1183 1183 196 6 1 196
1184 1184 197 6 1 197
1185 1185 198 6 1 198
1186 1186 199 6 1 199
772 772 1 7 1 1
773 773 1 7 1 1
774 774 1 7 1 1
775 775 1 7 1 1
776 776 1 7 1 1
777 777 1 7 1 1
778 778 1 7 1 1
779 779 1 7 1 1
780 780 1 7 1 1
781 781 1 7 1 1
782 782 1 7 1 1
783 783 1 7 1 1
784 784 1 7 1 1
785 785 1 7 1 1
786 786 1 7 1 1
787 787 1 7 1 1
788 788 1 7 1 1
789 789 1 7 1 1
790 790 1 7 1 1
791 791 1 7 1 1
792 792 1 7 1 1
793 793 1 7 1 1
794 794 1 7 1 1
795 795 1 7 1 1
796 796 1 7 1 1
797 797 1 7 1 1
798 798 1 7 1 1
799 799 1 7 1 1
800 800 1 7 1 1
801 801 1 7 1 1
802 802 1 7 1 1
803 803 1 7 1 1
804 804 1 7 1 1
805 805 1 7 1 1
806 806 1 7 1 1
807 807 1 7 1 1
808 808 1 7 1 1
809 809 1 7 1 1
810 810 1 7 1 1
811 811 1 7 1 1
812 812 1 7 1 1
813 813 1 7 1 1
814 814 1 7 1 1
815 815 1 7 1 1
816 816 1 7 1 1
817 817 1 7 1 1
818 818 1 7 1 1
819 819 1 7 1 1
820 820 1 7 1 1
821 821 1 7 1 1
822 822 1 7 1 1
823 823 1 7 1 1
824 824 1 7 1 1
825 825 1 7 1 1
826 826 1 7 1 1
827 827 1 7 1 1
828 828 1 7 1 1
829 829 1 7 1 1
830 830 1 7 1 1
831 831 1 7 1 1
832 832 1 7 1 1
833 833 1 7 1 1
834 834 1 7 1 1
835 835 1 7 1 1
836 836 1 7 1 1
837 837 2 7 1 2
838 838 2 7 1 2
839 839 2 7 1 2
840 840 2 7 1 2
841 841 3 7 1 3
842 842 3 7 1 3
843 843 4 7 1 4
844 844 4 7 1 4
845 845 5 7 1 5
846 846 6 7 1 6
847 847 7 7 1 7
848 848 8 7 1 8
849 849 8 7 1 8
850 850 9 7 1 9
851 851 10 7 1 10
852 852 11 7 1 11
853 853 11 7 1 11
854 854 12 7 1 12
855 855 13 7 1 13
856 856 14 7 1 14
857 857 15 7 1 15
858 858 15 7 1 15
859 859 16 7 1 16
860 860 17 7 1 17
861 861 18 7 1 18
862 862 19 7 1 19
863 863 19 7 1 19
864 864 20 7 1 20
865 865 21 7 1 21
866 866 22 7 1 22
867 867 23 7 1 23
868 868 24 7 1 24
869 869 25 7 1 25
870 870 25 7 1 25
871 871 26 7 1 26
872 872 27 7 1 27
873 873 28 7 1 28
874 874 29 7 1 29
875 875 29 7 1 29
876 876 30 7 1 30
877 877 31 7 1 31
878 878 32 7 1 32
879 879 32 7 1 32
880 880 33 7 1 33
881 881 34 7 1 34
882 882 34 7 1 34
883 883 35 7 1 35
884 884 35 7 1 35
885 885 36 7 1 36
886 886 36 7 1 36
887 887 37 7 1 37
888 888 37 7 1 37
889 889 38 7 1 38
890 890 38 7 1 38
891 891 39 7 1 39
892 892 39 7 1 39
893 893 39 7 1 39
894 894 39 7 1 39
895 895 40 7 1 40
896 896 40 7 1 40
897 897 40 7 1 40
898 898 40 7 1 40
899 899 40 7 1 40
900 900 40 7 1 40
901 901 40 7 1 40
902 902 40 7 1 40
903 903 40 7 1 40
904 904 40 7 1 40
905 905 40 7 1 40
906 906 40 7 1 40
907 907 40 7 1 40
908 908 40 7 1 40
909 909 39 7 1 39
910 910 39 7 1 39
911 911 39 7 1 39
912 912 38 7 1 38
913 913 38 7 1 38
914 914 38 7 1 38
915 915 37 7 1 37
916 916 36 7 1 36
917 917 36 7 1 36
918 918 35 7 1 35
919 919 35 7 1 35
920 920 34 7 1 34
921 921 33 7 1 33
922 922 32 7 1 32
923 923 32 7 1 32
924 924 31 7 1 31
925 925 30 7 1 30
926 926 29 7 1 29
927 927 28 7 1 28
928 928 27 7 1 27
929 929 26 7 1 26
930 930 25 7 1 25
931 931 24 7 1 24
932 932 23 7 1 23
933 933 22 7 1 22
934 934 20 7 1 20
935 935 19 7 1 19
936 936 18 7 1 18
937 937 17 7 1 17
938 938 15 7 1 15
939 939 14 7 1 14
940 940 12 7 1 12
941 941 11 7 1 11
942 942 9 7 1 9
943 943 8 7 1 8
944 944 6 7 1 6
945 945 5 7 1 5
946 946 3 7 1 3
947 947 2 7 1 2
949 949 2 7 1 2
950 950 3 7 1 3
951 951 5 7 1 5
952 952 7 7 1 7
953 953 9 7 1 9
954 954 11 7 1 11
955 955 12 7 1 12
956 956 14 7 1 14
957 957 16 7 1 16
958 958 18 7 1 18
959 959 20 7 1 20
960 960 22 7 1 22
961 961 24 7 1 24
962 962 26 7 1 26
963 963 28 7 1 28
964 964 30 7 1 30
965 965 32 7 1 32
966 966 34 7 1 34
967 967 36 7 1 36
968 968 38 7 1 38
969 969 40 7 1 40
970 970 42 7 1 42
971 971 45 7 1 45
972 972 47 7 1 47
973 973 49 7 1 49
974 974 51 7 1 51
975 975 53 7 1 53
976 976 55 7 1 55
977 977 57 7 1 57
978 978 60 7 1 60
979 979 62 7 1 62
980 980 64 7 1 64
981 981 66 7 1 66
982 982 68 7 1 68
983 983 70 7 1 70
984 984 73 7 1 73
985 985 75 7 1 75
986 986 77 7 1 77
987 987 79 7 1 79
988 988 81 7 1 81
989 989 83 7 1 83
990 990 85 7 1 85
991 991 88 7 1 88
992 992 90 7 1 90
993 993 92 7 1 92
994 994 94 7 1 94
995 995 96 7 1 96
996 996 98 7 1 98
997 997 100 7 1 100
998 998 102 7 1 102
999 999 104 7 1 104
1000 1000 106 7 1 106
1001 1001 108 7 1 108
1002 1002 110 7 1 110
1003 1003 112 7 1 112
1004 1004 114 7 1 114
1005 1005 115 7 1 115
1006 1006 117 7 1 117
1007 1007 119 7 1 119
1008 1008 121 7 1 121
1009 1009 123 7 1 123
1010 1010 124 7 1 124
1011 1011 126 7 1 126
1012 1012 128 7 1 128
1013 1013 129 7 1 129
1014 1014 131 7 1 131
1015 1015 133 7 1 133
1016 1016 134 7 1 134
1017 1017 136 7 1 136
1018 1018 137 7 1 137
1019 1019 139 7 1 139
1020 1020 140 7 1 140
1021 1021 141 7 1 141
1022 1022 143 7 1 143
1023 1023 144 7 1 144
1024 1024 145 7 1 145
1025 1025 146 7 1 146
1026 1026 148 7 1 148
1027 1027 149 7 1 149
1028 1028 150 7 1 150
1029 1029 151 7 1 151
1030 1030 152 7 1 152
1031 1031 153 7 1 153
1032 1032 154 7 1 154
1033 1033 154 7 1 154
1034 1034 155 7 1 155
1035 1035 156 7 1 156
1036 1036 157 7 1 157
1037 1037 157 7 1 157
1038 1038 158 7 1 158
1039 1039 159 7 1 159
1040 1040 159 7 1 159
1041 1041 160 7 1 160
1042 1042 160 7 1 160
1043 1043 160 7 1 160
1044 1044 161 7 1 161
1045 1045 161 7 1 161
1046 1046 161 7 1 161
1047 1047 161 7 1 161
1048 1048 161 7 1 161
1049 1049 161 7 1 161
1050 1050 161 7 1 161
1051 1051 161 7 1 161
1052 1052 161 7 1 161
1053 1053 161 7 1 161
1054 1054 161 7 1 161
1055 1055 160 7 1 160
1056 1056 160 7 1 160
1057 1057 160 7 1 160
1058 1058 159 7 1 159
1059 1059 159 7 1 159
1060 1060 158 7 1 158
1061 1061 157 7 1 157
1062 1062 157 7 1 157
1063 1063 156 7 1 156
1064 1064 155 7 1 155
1065 1065 154 7 1 154
1066 1066 153 7 1 153
1067 1067 152 7 1 152
1068 1068 151 7 1 151
1069 1069 150 7 1 150
1070 1070 149 7 1 149
1071 1071 148 7 1 148
1072 1072 146 7 1 146
1073 1073 145 7 1 145
1074 1074 144 7 1 144
1075 1075 142 7 1 142
1076 1076 141 7 1 141
1077 1077 139 7 1 139
1078 1078 138 7 1 138
1079 1079 136 7 1 136
1080 1080 134 7 1 134
1081 1081 132 7 1 132
1082 1082 130 7 1 130
1083 1083 129 7 1 129
1084 1084 127 7 1 127
1085 1085 124 7 1 124
1086 1086 122 7 1 122
1087 1087 120 7 1 120
1088 1088 118 7 1 118
1089 1089 116 7 1 116
1090 1090 113 7 1 113
1091 1091 111 7 1 111
1092 1092 109 7 1 109
1093 1093 106 7 1 106
1094 1094 104 7 1 104
1095 1095 101 7 1 101
1096 1096 98 7 1 98
1097 1097 96 7 1 96
1098 1098 93 7 1 93
1099 1099 90 7 1 90
1100 1100 87 7 1 87
1101 1101 84 7 1 84
1102 1102 81 7 1 81
1103 1103 78 7 1 78
1104 1104 75 7 1 75
1105 1105 72 7 1 72
1106 1106 69 7 1 69
1107 1107 65 7 1 65
1108 1108 62 7 1 62
1109 1109 59 7 1 59
1110 1110 56 7 1 56
1111 1111 53 7 1 53
1112 1112 50 7 1 50
1113 1113 47 7 1 47
1114 1114 45 7 1 45
1115 1115 43 7 1 43
1116 1116 41 7 1 41
1117 1117 39 7 1 39
1118 1118 38 7 1 38
1119 1119 36 7 1 36
1120 1120 35 7 1 35
1121 1121 33 7 1 33
1122 1122 31 7 1 31
1123 1123 30 7 1 30
1124 1124 28 7 1 28
1125 1125 26 7 1 26
1126 1126 25 7 1 25
1127 1127 23 7 1 23
1128 1128 21 7 1 21
1129 1129 19 7 1 19
1130 1130 17 7 1 17
1131 1131 16 7 1 16
1132 1132 16 7 1 16
1133 1133 15 7 1 15
1134 1134 15 7 1 15
1135 1135 15 7 1 15
1136 1136 15 7 1 15
1137 1137 14 7 1 14
1138 1138 14 7 1 14
1139 1139 14 7 1 14
1140 1140 14 7 1 14
1141 1141 14 7 1 14
1142 1142 14 7 1 14
1143 1143 14 7 1 14
1144 1144 14 7 1 14
1145 1145 14 7 1 14
1146 1146 14 7 1 14
1147 1147 15 7 1 15
1148 1148 15 7 1 15
1149 1149 15 7 1 15
1150 1150 15 7 1 15
1151 1151 15 7 1 15
1152 1152 15 7 1 15
1153 1153 15 7 1 15
1154 1154 15 7 1 15
1155 1155 15 7 1 15
1156 1156 15 7 1 15
1157 1157 15 7 1 15
1158 1158 15 7 1 15
1159 1159 16 7 1 16
1160 1160 16 7 1 16
1161 1161 16 7 1 16
1162 1162 16 7 1 16
1163 1163 16 7 1 16
1164 1164 16 7 1 16
1165 1165 16 7 1 16
1166 1166 16 7 1 16
1167 1167 16 7 1 16
1168 1168 16 7 1 16
1169 1169 16 7 1 16
1170 1170 16 7 1 16
1171 1171 17 7 1 17
1172 1172 17 7 1 17
1173 1173 17 7 1 17
1174 1174 17 7 1 17
1175 1175 17 7 1 17
1176 1176 17 7 1 17
1177 1177 17 7 1 17
1178 1178 17 7 1 17
1179 1179 17 7 1 17
1180 1180 17 7 1 17
1181 1181 17 7 1 17
1182 1182 17 7 1 17
1183 1183 18 7 1 18
1184 1184 18 7 1 18
1185 1185 18 7 1 18
1186 1186 18 7 1 18
1187 1187 18 7 1 18
1188 1188 18 7 1 18
1189 1189 18 7 1 18
1190 1190 18 7 1 18
1191 1191 18 7 1 18
1192 1192 18 7 1 18
1193 1193 18 7 1 18
1194 1194 19 7 1 19
1195 1195 19 7 1 19
1196 1196 19 7 1 19
1197 1197 19 7 1 19
1198 1198 19 7 1 19
1199 1199 19 7 1 19
1200 1200 19 7 1 19
1201 1201 19 7 1 19
1202 1202 19 7 1 19
1203 1203 19 7 1 19
1204 1204 19 7 1 19
1205 1205 19 7 1 19
1206 1206 20 7 1 20
1207 1207 20 7 1 20
1208 1208 20 7 1 20
1209 1209 20 7 1 20
1210 1210 20 7 1 20
1211 1211 20 7 1 20
1212 1212 20 7 1 20
1213 1213 20 7 1 20
1214 1214 20 7 1 20
1215 1215 20 7 1 20
1216 1216 20 7 1 20
1217 1217 21 7 1 21
1218 1218 21 7 1 21
1219 1219 21 7 1 21
1220 1220 21 7 1 21
1221 1221 21 7 1 21
1222 1222 21 7 1 21
1223 1223 21 7 1 21
1224 1224 21 7 1 21
1225 1225 21 7 1 21
1226 1226 22 7 1 22
1227 1227 22 7 1 22
1228 1228 22 7 1 22
1229 1229 22 7 1 22
1230 1230 22 7 1 22
1231 1231 22 7 1 22
1232 1232 22 7 1 22
1233 1233 23 7 1 23
1234 1234 23 7 1 23
1235 1235 23 7 1 23
1236 1236 23 7 1 23
1237 1237 23 7 1 23
1238 1238 23 7 1 23
1239 1239 23 7 1 23
1240 1240 23 7 1 23
1241 1241 24 7 1 24
1242 1242 24 7 1 24
1243 1243 24 7 1 24
1244 1244 24 7 1 24
1245 1245 24 7 1 24
1246 1246 24 7 1 24
1247 1247 24 7 1 24
1248 1248 25 7 1 25
1249 1249 25 7 1 25
1250 1250 25 7 1 25
1251 1251 25 7 1 25
1252 1252 25 7 1 25
1253 1253 25 7 1 25
1254 1254 25 7 1 25
1255 1255 26 7 1 26
1256 1256 26 7 1 26
1257 1257 26 7 1 26
1258 1258 26 7 1 26
1259 1259 26 7 1 26
1260 1260 26 7 1 26
1261 1261 26 7 1 26
1262 1262 26 7 1 26
1263 1263 27 7 1 27
1264 1264 27 7 1 27
1265 1265 27 7 1 27
1266 1266 27 7 1 27
1267 1267 27 7 1 27
1268 1268 27 7 1 27
1269 1269 28 7 1 28
1270 1270 28 7 1 28
1271 1271 28 7 1 28
1272 1272 28 7 1 28
1273 1273 28 7 1 28
1274 1274 28 7 1 28
1275 1275 28 7 1 28
1276 1276 29 7 1 29
1277 1277 29 7 1 29
1278 1278 29 7 1 29
1279 1279 29 7 1 29
1280 1280 29 7 1 29
1281 1281 29 7 1 29
1282 1282 29 7 1 29
1283 1283 30 7 1 30
1284 1284 30 7 1 30
1285 1285 30 7 1 30
1286 1286 30 7 1 30
1287 1287 30 7 1 30
1288 1288 30 7 1 30
1289 1289 30 7 1 30
1290 1290 31 7 1 31
1291 1291 31 7 1 31
1292 1292 31 7 1 31
1293 1293 31 7 1 31
1294 1294 31 7 1 31
1295 1295 31 7 1 31
1296 1296 32 7 1 32
1297 1297 32 7 1 32
1298 1298 32 7 1 32
1299 1299 32 7 1 32
1300 1300 32 7 1 32
1301 1301 32 7 1 32
1302 1302 33 7 1 33
1303 1303 33 7 1 33
1304 1304 33 7 1 33
1305 1305 33 7 1 33
1306 1306 33 7 1 33
1307 1307 33 7 1 33
1308 1308 33 7 1 33
1309 1309 34 7 1 34
1310 1310 34 7 1 34
1311 1311 34 7 1 34
1312 1312 34 7 1 34
1313 1313 34 7 1 34
1314 1314 34 7 1 34
1315 1315 35 7 1 35
1316 1316 35 7 1 35
