21 21 3 0 1 3
22 22 2 0 1 2
23 23 2 0 1 2
24 24 3 0 1 3
25 25 4 0 1 4
26 26 4 0 1 4
27 27 10 0 1 10
28 28 3 0 1 3
29 29 9 0 1 9
30 30 7 0 1 7
31 31 9 0 1 9
32 32 19 0 1 19
33 33 12 0 1 12
34 34 16 0 1 16
35 35 15 0 1 15
36 36 12 0 1 12
37 37 14 0 1 14
38 38 11 0 1 11
39 39 12 0 1 12
40 40 10 0 1 10
41 41 9 0 1 9
42 42 3 0 1 3
43 43 59 0 1 59
44 44 26 0 1 26
45 45 9 0 1 9
46 46 9 0 1 9
47 47 9 0 1 9
48 48 8 0 1 8
49 49 3 0 1 3
50 50 3 0 1 3
51 51 3 0 1 3
52 52 8 0 1 8
53 53 3 0 1 3
54 54 3 0 1 3
55 55 4 0 1 4
56 56 5 0 1 5
57 57 6 0 1 6
58 58 6 0 1 6
59 59 8 0 1 8
60 60 9 0 1 9
61 61 8 0 1 8
62 62 10 0 1 10
63 63 9 0 1 9
64 64 11 0 1 11
65 65 16 0 1 16
66 66 16 0 1 16
67 67 16 0 1 16
68 68 15 0 1 15
69 69 20 0 1 20
70 70 28 0 1 28
71 71 26 0 1 26
72 72 65 0 1 65
73 73 43 0 1 43
74 74 44 0 1 44
75 75 64 0 1 64
76 76 61 0 1 61
77 77 58 0 1 58
78 78 72 0 1 72
79 79 58 0 1 58
80 80 72 0 1 72
81 81 22 0 1 22
82 82 9 0 1 9
83 83 57 0 1 57
84 84 35 0 1 35
85 85 38 0 1 38
86 86 79 0 1 79
87 87 19 0 1 19
88 88 50 0 1 50
89 89 69 0 1 69
90 90 19 0 1 19
91 91 69 0 1 69
92 92 16 0 1 16
93 93 23 0 1 23
94 94 41 0 1 41
95 95 69 0 1 69
96 96 13 0 1 13
97 97 23 0 1 23
98 98 4 0 1 4
100 100 4 0 1 4
101 101 9 0 1 9
104 104 7 0 1 7
105 105 4 0 1 4
106 106 9 0 1 9
108 108 16 0 1 16
109 109 7 0 1 7
110 110 4 0 1 4
111 111 19 0 1 19
113 113 7 0 1 7
114 114 7 0 1 7
116 116 7 0 1 7
118 118 23 0 1 23
122 122 13 0 1 13
135 135 7 0 1 7
137 137 4 0 1 4
141 141 4 0 1 4
142 142 13 0 1 13
143 143 4 0 1 4
147 147 4 0 1 4
151 151 26 0 1 26
152 152 7 0 1 7
168 168 4 0 1 4
175 175 4 0 1 4
205 205 4 0 1 4
237 237 4 0 1 4
247 247 4 0 1 4
248 248 7 0 1 7
253 253 4 0 1 4
256 256 4 0 1 4
258 258 7 0 1 7
259 259 4 0 1 4
260 260 4 0 1 4
271 271 4 0 1 4
273 273 4 0 1 4
274 274 7 0 1 7
277 277 9 0 1 9
278 278 4 0 1 4
279 279 9 0 1 9
280 280 4 0 1 4
284 284 4 0 1 4
285 285 4 0 1 4
289 289 7 0 1 7
290 290 9 0 1 9
291 291 16 0 1 16
293 293 4 0 1 4
294 294 9 0 1 9
295 295 9 0 1 9
296 296 7 0 1 7
297 297 7 0 1 7
298 298 4 0 1 4
299 299 4 0 1 4
300 300 4 0 1 4
301 301 4 0 1 4
303 303 4 0 1 4
304 304 7 0 1 7
305 305 4 0 1 4
307 307 13 0 1 13
308 308 9 0 1 9
309 309 7 0 1 7
310 310 16 0 1 16
311 311 9 0 1 9
312 312 7 0 1 7
313 313 7 0 1 7
314 314 4 0 1 4
315 315 7 0 1 7
316 316 4 0 1 4
317 317 19 0 1 19
318 318 9 0 1 9
319 319 23 0 1 23
320 320 16 0 1 16
321 321 13 0 1 13
322 322 16 0 1 16
323 323 9 0 1 9
324 324 16 0 1 16
325 325 9 0 1 9
326 326 13 0 1 13
327 327 23 0 1 23
328 328 23 0 1 23
329 329 7 0 1 7
330 330 9 0 1 9
331 331 13 0 1 13
332 332 9 0 1 9
333 333 13 0 1 13
334 334 16 0 1 16
335 335 23 0 1 23
336 336 7 0 1 7
337 337 13 0 1 13
338 338 13 0 1 13
339 339 4 0 1 4
340 340 23 0 1 23
341 341 9 0 1 9
342 342 28 0 1 28
343 343 23 0 1 23
300 300 1 1 1 1
301 301 1 1 1 1
302 302 1 1 1 1
303 303 1 1 1 1
304 304 1 1 1 1
305 305 1 1 1 1
306 306 1 1 1 1
307 307 1 1 1 1
308 308 1 1 1 1
309 309 1 1 1 1
310 310 1 1 1 1
311 311 1 1 1 1
312 312 1 1 1 1
313 313 1 1 1 1
314 314 1 1 1 1
315 315 1 1 1 1
316 316 1 1 1 1
317 317 1 1 1 1
318 318 1 1 1 1
319 319 1 1 1 1
320 320 1 1 1 1
321 321 1 1 1 1
322 322 1 1 1 1
323 323 1 1 1 1
324 324 1 1 1 1
325 325 1 1 1 1
326 326 1 1 1 1
327 327 1 1 1 1
328 328 1 1 1 1
329 329 1 1 1 1
330 330 1 1 1 1
331 331 1 1 1 1
332 332 1 1 1 1
333 333 1 1 1 1
334 334 1 1 1 1
335 335 1 1 1 1
336 336 2 1 1 2
337 337 2 1 1 2
338 338 2 1 1 2
339 339 2 1 1 2
340 340 2 1 1 2
341 341 2 1 1 2
342 342 2 1 1 2
343 343 2 1 1 2
344 344 2 1 1 2
345 345 2 1 1 2
346 346 2 1 1 2
347 347 2 1 1 2
348 348 2 1 1 2
349 349 2 1 1 2
350 350 2 1 1 2
351 351 2 1 1 2
352 352 2 1 1 2
353 353 2 1 1 2
354 354 2 1 1 2
355 355 3 1 1 3
356 356 3 1 1 3
357 357 3 1 1 3
358 358 3 1 1 3
359 359 3 1 1 3
360 360 3 1 1 3
361 361 3 1 1 3
362 362 3 1 1 3
363 363 3 1 1 3
364 364 3 1 1 3
365 365 3 1 1 3
366 366 3 1 1 3
367 367 3 1 1 3
368 368 3 1 1 3
369 369 3 1 1 3
370 370 3 1 1 3
371 371 3 1 1 3
372 372 3 1 1 3
373 373 3 1 1 3
374 374 3 1 1 3
375 375 3 1 1 3
376 376 3 1 1 3
377 377 3 1 1 3
378 378 3 1 1 3
379 379 3 1 1 3
380 380 3 1 1 3
381 381 3 1 1 3
382 382 3 1 1 3
383 383 3 1 1 3
384 384 3 1 1 3
385 385 3 1 1 3
386 386 3 1 1 3
387 387 3 1 1 3
388 388 3 1 1 3
389 389 3 1 1 3
390 390 4 1 1 4
391 391 4 1 1 4
392 392 4 1 1 4
393 393 4 1 1 4
394 394 4 1 1 4
395 395 4 1 1 4
396 396 4 1 1 4
397 397 4 1 1 4
398 398 4 1 1 4
399 399 5 1 1 5
400 400 5 1 1 5
401 401 5 1 1 5
402 402 5 1 1 5
403 403 5 1 1 5
404 404 5 1 1 5
405 405 6 1 1 6
406 406 6 1 1 6
407 407 6 1 1 6
408 408 6 1 1 6
409 409 6 1 1 6
410 410 7 1 1 7
411 411 7 1 1 7
412 412 7 1 1 7
413 413 7 1 1 7
414 414 8 1 1 8
415 415 8 1 1 8
416 416 8 1 1 8
417 417 9 1 1 9
418 418 9 1 1 9
419 419 9 1 1 9
420 420 9 1 1 9
421 421 10 1 1 10
422 422 10 1 1 10
423 423 10 1 1 10
424 424 11 1 1 11
425 425 11 1 1 11
426 426 11 1 1 11
427 427 12 1 1 12
428 428 12 1 1 12
429 429 12 1 1 12
430 430 13 1 1 13
431 431 13 1 1 13
432 432 13 1 1 13
433 433 14 1 1 14
434 434 14 1 1 14
435 435 14 1 1 14
436 436 15 1 1 15
437 437 15 1 1 15
438 438 15 1 1 15
439 439 15 1 1 15
440 440 16 1 1 16
441 441 16 1 1 16
442 442 16 1 1 16
443 443 16 1 1 16
444 444 17 1 1 17
445 445 17 1 1 17
446 446 17 1 1 17
447 447 17 1 1 17
448 448 18 1 1 18
449 449 18 1 1 18
450 450 18 1 1 18
451 451 18 1 1 18
452 452 18 1 1 18
453 453 19 1 1 19
454 454 19 1 1 19
455 455 19 1 1 19
456 456 19 1 1 19
457 457 19 1 1 19
458 458 20 1 1 20
459 459 20 1 1 20
460 460 20 1 1 20
461 461 20 1 1 20
462 462 20 1 1 20
463 463 20 1 1 20
464 464 20 1 1 20
465 465 21 1 1 21
466 466 21 1 1 21
467 467 21 1 1 21
468 468 21 1 1 21
469 469 21 1 1 21
470 470 21 1 1 21
471 471 21 1 1 21
472 472 21 1 1 21
473 473 21 1 1 21
474 474 21 1 1 21
475 475 21 1 1 21
476 476 21 1 1 21
477 477 21 1 1 21
478 478 21 1 1 21
479 479 21 1 1 21
480 480 21 1 1 21
481 481 21 1 1 21
482 482 21 1 1 21
483 483 21 1 1 21
484 484 21 1 1 21
485 485 21 1 1 21
486 486 21 1 1 21
487 487 21 1 1 21
488 488 21 1 1 21
489 489 21 1 1 21
490 490 21 1 1 21
491 491 21 1 1 21
492 492 21 1 1 21
493 493 21 1 1 21
494 494 20 1 1 20
495 495 20 1 1 20
496 496 20 1 1 20
497 497 20 1 1 20
498 498 20 1 1 20
499 499 20 1 1 20
500 500 19 1 1 19
501 501 19 1 1 19
502 502 19 1 1 19
503 503 19 1 1 19
504 504 19 1 1 19
505 505 19 1 1 19
506 506 18 1 1 18
507 507 18 1 1 18
508 508 18 1 1 18
509 509 18 1 1 18
510 510 17 1 1 17
511 511 17 1 1 17
512 512 17 1 1 17
513 513 17 1 1 17
514 514 16 1 1 16
515 515 16 1 1 16
516 516 16 1 1 16
517 517 16 1 1 16
518 518 15 1 1 15
519 519 15 1 1 15
520 520 15 1 1 15
521 521 15 1 1 15
522 522 14 1 1 14
523 523 14 1 1 14
524 524 14 1 1 14
525 525 13 1 1 13
526 526 13 1 1 13
527 527 13 1 1 13
528 528 13 1 1 13
529 529 12 1 1 12
530 530 12 1 1 12
531 531 12 1 1 12
532 532 11 1 1 11
533 533 11 1 1 11
534 534 11 1 1 11
535 535 10 1 1 10
536 536 10 1 1 10
537 537 10 1 1 10
538 538 10 1 1 10
539 539 9 1 1 9
540 540 9 1 1 9
541 541 9 1 1 9
542 542 8 1 1 8
543 543 8 1 1 8
544 544 8 1 1 8
545 545 8 1 1 8
546 546 7 1 1 7
547 547 7 1 1 7
548 548 7 1 1 7
549 549 6 1 1 6
550 550 6 1 1 6
551 551 6 1 1 6
552 552 6 1 1 6
553 553 5 1 1 5
554 554 5 1 1 5
555 555 5 1 1 5
556 556 5 1 1 5
557 557 4 1 1 4
558 558 4 1 1 4
559 559 4 1 1 4
560 560 4 1 1 4
561 561 4 1 1 4
562 562 3 1 1 3
563 563 3 1 1 3
564 564 3 1 1 3
565 565 3 1 1 3
566 566 2 1 1 2
567 567 2 1 1 2
568 568 2 1 1 2
569 569 2 1 1 2
570 570 2 1 1 2
571 571 2 1 1 2
572 572 1 1 1 1
573 573 1 1 1 1
574 574 1 1 1 1
575 575 1 1 1 1
576 576 1 1 1 1
577 577 1 1 1 1
578 578 1 1 1 1
579 579 1 1 1 1
580 580 1 1 1 1
581 581 1 1 1 1
663 663 1 1 1 1
664 664 1 1 1 1
665 665 1 1 1 1
666 666 1 1 1 1
667 667 1 1 1 1
668 668 1 1 1 1
669 669 1 1 1 1
670 670 1 1 1 1
671 671 1 1 1 1
672 672 1 1 1 1
673 673 1 1 1 1
674 674 1 1 1 1
675 675 1 1 1 1
676 676 1 1 1 1
677 677 1 1 1 1
678 678 1 1 1 1
679 679 1 1 1 1
680 680 1 1 1 1
681 681 1 1 1 1
682 682 1 1 1 1
683 683 1 1 1 1
684 684 1 1 1 1
685 685 1 1 1 1
686 686 1 1 1 1
687 687 1 1 1 1
688 688 1 1 1 1
689 689 1 1 1 1
357 357 1 2 1 1
358 358 1 2 1 1
359 359 1 2 1 1
360 360 1 2 1 1
361 361 1 2 1 1
362 362 1 2 1 1
363 363 1 2 1 1
364 364 1 2 1 1
365 365 1 2 1 1
366 366 1 2 1 1
367 367 1 2 1 1
368 368 1 2 1 1
369 369 1 2 1 1
370 370 1 2 1 1
371 371 1 2 1 1
372 372 1 2 1 1
373 373 1 2 1 1
374 374 1 2 1 1
375 375 1 2 1 1
376 376 1 2 1 1
377 377 1 2 1 1
378 378 1 2 1 1
379 379 1 2 1 1
380 380 1 2 1 1
381 381 1 2 1 1
382 382 1 2 1 1
383 383 1 2 1 1
384 384 1 2 1 1
385 385 1 2 1 1
386 386 1 2 1 1
387 387 1 2 1 1
388 388 1 2 1 1
389 389 1 2 1 1
390 390 1 2 1 1
391 391 1 2 1 1
392 392 1 2 1 1
393 393 1 2 1 1
394 394 1 2 1 1
395 395 1 2 1 1
396 396 1 2 1 1
397 397 1 2 1 1
398 398 1 2 1 1
399 399 1 2 1 1
400 400 1 2 1 1
401 401 1 2 1 1
402 402 1 2 1 1
403 403 1 2 1 1
404 404 1 2 1 1
405 405 1 2 1 1
406 406 1 2 1 1
407 407 1 2 1 1
408 408 1 2 1 1
409 409 1 2 1 1
410 410 1 2 1 1
411 411 1 2 1 1
412 412 1 2 1 1
413 413 1 2 1 1
414 414 1 2 1 1
415 415 1 2 1 1
416 416 1 2 1 1
417 417 1 2 1 1
418 418 2 2 1 2
419 419 2 2 1 2
420 420 2 2 1 2
421 421 2 2 1 2
422 422 2 2 1 2
423 423 2 2 1 2
424 424 2 2 1 2
425 425 2 2 1 2
426 426 2 2 1 2
427 427 2 2 1 2
428 428 2 2 1 2
429 429 2 2 1 2
430 430 2 2 1 2
431 431 2 2 1 2
432 432 2 2 1 2
433 433 3 2 1 3
434 434 3 2 1 3
435 435 3 2 1 3
436 436 3 2 1 3
437 437 3 2 1 3
438 438 3 2 1 3
439 439 3 2 1 3
440 440 3 2 1 3
441 441 3 2 1 3
442 442 3 2 1 3
443 443 3 2 1 3
444 444 3 2 1 3
445 445 4 2 1 4
446 446 4 2 1 4
447 447 4 2 1 4
448 448 4 2 1 4
449 449 4 2 1 4
450 450 4 2 1 4
451 451 4 2 1 4
452 452 4 2 1 4
453 453 4 2 1 4
454 454 4 2 1 4
455 455 4 2 1 4
456 456 5 2 1 5
394 394 112 3 1 112
401 401 112 3 1 112
408 408 112 3 1 112
415 415 112 3 1 112
422 422 112 3 1 112
429 429 112 3 1 112
436 436 112 3 1 112
443 443 112 3 1 112
450 450 112 3 1 112
457 457 112 3 1 112
464 464 112 3 1 112
471 471 112 3 1 112
478 478 112 3 1 112
485 485 112 3 1 112
492 492 112 3 1 112
499 499 112 3 1 112
506 506 112 3 1 112
513 513 112 3 1 112
497 497 1 4 1 1
498 498 1 4 1 1
499 499 1 4 1 1
500 500 1 4 1 1
501 501 1 4 1 1
502 502 1 4 1 1
503 503 1 4 1 1
504 504 1 4 1 1
505 505 1 4 1 1
506 506 1 4 1 1
507 507 1 4 1 1
508 508 1 4 1 1
509 509 1 4 1 1
510 510 1 4 1 1
511 511 1 4 1 1
512 512 1 4 1 1
513 513 1 4 1 1
514 514 1 4 1 1
515 515 1 4 1 1
516 516 2 4 1 2
517 517 2 4 1 2
518 518 2 4 1 2
519 519 2 4 1 2
520 520 2 4 1 2
521 521 2 4 1 2
522 522 2 4 1 2
523 523 2 4 1 2
524 524 2 4 1 2
525 525 2 4 1 2
526 526 2 4 1 2
527 527 2 4 1 2
528 528 2 4 1 2
529 529 2 4 1 2
530 530 2 4 1 2
531 531 2 4 1 2
532 532 2 4 1 2
533 533 2 4 1 2
534 534 2 4 1 2
535 535 3 4 1 3
536 536 3 4 1 3
537 537 3 4 1 3
538 538 3 4 1 3
539 539 3 4 1 3
540 540 3 4 1 3
541 541 3 4 1 3
542 542 3 4 1 3
543 543 3 4 1 3
544 544 3 4 1 3
545 545 3 4 1 3
546 546 3 4 1 3
547 547 3 4 1 3
548 548 3 4 1 3
549 549 3 4 1 3
550 550 3 4 1 3
551 551 3 4 1 3
552 552 3 4 1 3
553 553 3 4 1 3
554 554 3 4 1 3
555 555 3 4 1 3
556 556 3 4 1 3
557 557 3 4 1 3
558 558 3 4 1 3
559 559 3 4 1 3
560 560 4 4 1 4
561 561 4 4 1 4
562 562 4 4 1 4
563 563 4 4 1 4
564 564 4 4 1 4
565 565 4 4 1 4
566 566 4 4 1 4
567 567 4 4 1 4
568 568 4 4 1 4
569 569 4 4 1 4
570 570 4 4 1 4
571 571 4 4 1 4
572 572 4 4 1 4
573 573 4 4 1 4
574 574 4 4 1 4
575 575 4 4 1 4
576 576 4 4 1 4
577 577 4 4 1 4
578 578 4 4 1 4
579 579 4 4 1 4
580 580 4 4 1 4
581 581 4 4 1 4
582 582 4 4 1 4
583 583 4 4 1 4
584 584 4 4 1 4
585 585 4 4 1 4
586 586 4 4 1 4
587 587 4 4 1 4
588 588 4 4 1 4
589 589 4 4 1 4
590 590 4 4 1 4
591 591 3 4 1 3
592 592 3 4 1 3
593 593 3 4 1 3
594 594 3 4 1 3
595 595 3 4 1 3
596 596 3 4 1 3
597 597 3 4 1 3
598 598 3 4 1 3
599 599 3 4 1 3
600 600 3 4 1 3
601 601 3 4 1 3
602 602 3 4 1 3
603 603 3 4 1 3
604 604 3 4 1 3
605 605 3 4 1 3
606 606 3 4 1 3
607 607 3 4 1 3
608 608 3 4 1 3
609 609 3 4 1 3
610 610 3 4 1 3
611 611 3 4 1 3
612 612 3 4 1 3
613 613 3 4 1 3
614 614 3 4 1 3
615 615 3 4 1 3
616 616 3 4 1 3
617 617 3 4 1 3
618 618 3 4 1 3
619 619 3 4 1 3
620 620 3 4 1 3
621 621 2 4 1 2
622 622 2 4 1 2
623 623 2 4 1 2
624 624 2 4 1 2
625 625 2 4 1 2
626 626 2 4 1 2
627 627 2 4 1 2
628 628 2 4 1 2
629 629 2 4 1 2
630 630 2 4 1 2
631 631 2 4 1 2
632 632 2 4 1 2
633 633 2 4 1 2
634 634 2 4 1 2
635 635 2 4 1 2
636 636 2 4 1 2
637 637 2 4 1 2
638 638 2 4 1 2
639 639 2 4 1 2
640 640 2 4 1 2
641 641 2 4 1 2
642 642 2 4 1 2
643 643 2 4 1 2
644 644 2 4 1 2
645 645 2 4 1 2
646 646 2 4 1 2
647 647 2 4 1 2
648 648 1 4 1 1
649 649 1 4 1 1
650 650 1 4 1 1
651 651 1 4 1 1
652 652 1 4 1 1
653 653 1 4 1 1
654 654 1 4 1 1
655 655 1 4 1 1
656 656 1 4 1 1
657 657 1 4 1 1
658 658 1 4 1 1
659 659 1 4 1 1
660 660 1 4 1 1
661 661 1 4 1 1
662 662 1 4 1 1
663 663 1 4 1 1
664 664 1 4 1 1
665 665 1 4 1 1
666 666 1 4 1 1
667 667 1 4 1 1
668 668 1 4 1 1
669 669 1 4 1 1
670 670 1 4 1 1
671 671 1 4 1 1
672 672 1 4 1 1
673 673 1 4 1 1
674 674 1 4 1 1
675 675 1 4 1 1
676 676 1 4 1 1
677 677 1 4 1 1
678 678 1 4 1 1
679 679 1 4 1 1
680 680 1 4 1 1
681 681 1 4 1 1
682 682 1 4 1 1
683 683 1 4 1 1
684 684 1 4 1 1
685 685 1 4 1 1
686 686 1 4 1 1
687 687 1 4 1 1
688 688 1 4 1 1
689 689 1 4 1 1
690 690 1 4 1 1
691 691 1 4 1 1
692 692 1 4 1 1
693 693 1 4 1 1
694 694 1 4 1 1
695 695 1 4 1 1
696 696 1 4 1 1
697 697 1 4 1 1
698 698 1 4 1 1
699 699 1 4 1 1
700 700 1 4 1 1
701 701 1 4 1 1
702 702 1 4 1 1
703 703 1 4 1 1
704 704 1 4 1 1
705 705 1 4 1 1
706 706 1 4 1 1
707 707 1 4 1 1
680 680 11 5 1 11
681 681 11 5 1 11
682 682 12 5 1 12
683 683 12 5 1 12
684 684 13 5 1 13
685 685 13 5 1 13
686 686 13 5 1 13
687 687 14 5 1 14
688 688 14 5 1 14
689 689 15 5 1 15
690 690 15 5 1 15
691 691 15 5 1 15
692 692 16 5 1 16
693 693 16 5 1 16
694 694 17 5 1 17
695 695 17 5 1 17
696 696 17 5 1 17
697 697 18 5 1 18
698 698 18 5 1 18
699 699 19 5 1 19
700 700 19 5 1 19
701 701 19 5 1 19
702 702 20 5 1 20
703 703 20 5 1 20
704 704 20 5 1 20
705 705 21 5 1 21
706 706 21 5 1 21
707 707 21 5 1 21
708 708 22 5 1 22
709 709 22 5 1 22
710 710 23 5 1 23
711 711 23 5 1 23
712 712 23 5 1 23
713 713 24 5 1 24
714 714 24 5 1 24
715 715 24 5 1 24
716 716 25 5 1 25
717 717 25 5 1 25
718 718 25 5 1 25
719 719 25 5 1 25
720 720 26 5 1 26
721 721 26 5 1 26
722 722 26 5 1 26
723 723 27 5 1 27
724 724 27 5 1 27
725 725 27 5 1 27
726 726 27 5 1 27
727 727 28 5 1 28
728 728 28 5 1 28
729 729 28 5 1 28
730 730 28 5 1 28
731 731 28 5 1 28
732 732 29 5 1 29
733 733 29 5 1 29
734 734 29 5 1 29
735 735 29 5 1 29
736 736 29 5 1 29
737 737 30 5 1 30
738 738 30 5 1 30
739 739 30 5 1 30
740 740 30 5 1 30
741 741 30 5 1 30
742 742 30 5 1 30
743 743 30 5 1 30
744 744 30 5 1 30
745 745 30 5 1 30
746 746 31 5 1 31
747 747 31 5 1 31
748 748 31 5 1 31
749 749 31 5 1 31
750 750 31 5 1 31
751 751 31 5 1 31
752 752 31 5 1 31
753 753 31 5 1 31
754 754 31 5 1 31
755 755 31 5 1 31
756 756 31 5 1 31
757 757 31 5 1 31
758 758 31 5 1 31
759 759 31 5 1 31
760 760 31 5 1 31
761 761 31 5 1 31
762 762 30 5 1 30
763 763 30 5 1 30
764 764 30 5 1 30
765 765 30 5 1 30
766 766 30 5 1 30
767 767 30 5 1 30
768 768 30 5 1 30
769 769 30 5 1 30
770 770 30 5 1 30
771 771 29 5 1 29
772 772 29 5 1 29
773 773 29 5 1 29
774 774 29 5 1 29
775 775 29 5 1 29
776 776 29 5 1 29
777 777 28 5 1 28
778 778 28 5 1 28
779 779 28 5 1 28
780 780 28 5 1 28
781 781 27 5 1 27
782 782 27 5 1 27
783 783 27 5 1 27
784 784 27 5 1 27
785 785 26 5 1 26
786 786 26 5 1 26
787 787 26 5 1 26
788 788 26 5 1 26
789 789 25 5 1 25
790 790 25 5 1 25
791 791 25 5 1 25
792 792 25 5 1 25
793 793 24 5 1 24
794 794 24 5 1 24
795 795 24 5 1 24
796 796 23 5 1 23
797 797 23 5 1 23
798 798 23 5 1 23
799 799 22 5 1 22
800 800 22 5 1 22
801 801 22 5 1 22
802 802 21 5 1 21
803 803 21 5 1 21
804 804 21 5 1 21
805 805 20 5 1 20
806 806 20 5 1 20
807 807 20 5 1 20
808 808 19 5 1 19
809 809 19 5 1 19
810 810 19 5 1 19
811 811 18 5 1 18
812 812 18 5 1 18
813 813 18 5 1 18
814 814 17 5 1 17
815 815 17 5 1 17
816 816 17 5 1 17
817 817 16 5 1 16
818 818 16 5 1 16
819 819 15 5 1 15
820 820 15 5 1 15
821 821 15 5 1 15
822 822 14 5 1 14
823 823 14 5 1 14
824 824 14 5 1 14
825 825 13 5 1 13
826 826 13 5 1 13
827 827 13 5 1 13
828 828 12 5 1 12
829 829 12 5 1 12
830 830 12 5 1 12
831 831 11 5 1 11
832 832 11 5 1 11
833 833 11 5 1 11
834 834 10 5 1 10
835 835 10 5 1 10
836 836 10 5 1 10
837 837 9 5 1 9
838 838 9 5 1 9
839 839 9 5 1 9
840 840 9 5 1 9
841 841 8 5 1 8
842 842 8 5 1 8
843 843 8 5 1 8
844 844 7 5 1 7
845 845 7 5 1 7
846 846 7 5 1 7
847 847 7 5 1 7
848 848 6 5 1 6
849 849 6 5 1 6
850 850 6 5 1 6
851 851 6 5 1 6
852 852 5 5 1 5
853 853 5 5 1 5
854 854 5 5 1 5
855 855 5 5 1 5
856 856 4 5 1 4
857 857 4 5 1 4
858 858 4 5 1 4
859 859 4 5 1 4
860 860 4 5 1 4
861 861 3 5 1 3
862 862 3 5 1 3
863 863 3 5 1 3
864 864 3 5 1 3
865 865 3 5 1 3
866 866 2 5 1 2
867 867 2 5 1 2
868 868 2 5 1 2
869 869 2 5 1 2
870 870 2 5 1 2
871 871 2 5 1 2
872 872 2 5 1 2
873 873 1 5 1 1
874 874 1 5 1 1
875 875 1 5 1 1
876 876 1 5 1 1
877 877 1 5 1 1
878 878 1 5 1 1
879 879 1 5 1 1
880 880 1 5 1 1
881 881 1 5 1 1
882 882 1 5 1 1
997 997 1 5 1 1
998 998 1 5 1 1
999 999 1 5 1 1
1000 1000 1 5 1 1
1001 1001 1 5 1 1
1002 1002 1 5 1 1
1003 1003 1 5 1 1
1004 1004 1 5 1 1
1005 1005 1 5 1 1
1006 1006 1 5 1 1
1007 1007 1 5 1 1
1008 1008 1 5 1 1
1009 1009 1 5 1 1
1010 1010 2 5 1 2
1011 1011 2 5 1 2
1012 1012 2 5 1 2
1013 1013 2 5 1 2
1014 1014 2 5 1 2
1015 1015 2 5 1 2
1016 1016 2 5 1 2
1017 1017 2 5 1 2
1018 1018 2 5 1 2
1019 1019 2 5 1 2
1020 1020 2 5 1 2
1021 1021 2 5 1 2
1022 1022 2 5 1 2
1023 1023 2 5 1 2
1024 1024 2 5 1 2
1025 1025 3 5 1 3
1026 1026 3 5 1 3
1027 1027 3 5 1 3
1028 1028 3 5 1 3
1029 1029 3 5 1 3
1030 1030 3 5 1 3
1031 1031 3 5 1 3
1032 1032 3 5 1 3
1033 1033 3 5 1 3
1034 1034 3 5 1 3
1035 1035 3 5 1 3
1036 1036 3 5 1 3
1037 1037 3 5 1 3
1038 1038 3 5 1 3
1039 1039 3 5 1 3
1040 1040 3 5 1 3
1041 1041 3 5 1 3
1042 1042 3 5 1 3
1043 1043 3 5 1 3
1044 1044 3 5 1 3
1045 1045 3 5 1 3
1046 1046 3 5 1 3
1047 1047 3 5 1 3
1048 1048 3 5 1 3
1049 1049 3 5 1 3
1050 1050 3 5 1 3
1051 1051 3 5 1 3
1052 1052 3 5 1 3
1053 1053 3 5 1 3
1054 1054 3 5 1 3
1055 1055 3 5 1 3
1056 1056 3 5 1 3
1057 1057 3 5 1 3
1058 1058 3 5 1 3
1059 1059 3 5 1 3
1060 1060 3 5 1 3
1061 1061 3 5 1 3
1062 1062 3 5 1 3
1063 1063 3 5 1 3
1064 1064 3 5 1 3
1065 1065 3 5 1 3
1066 1066 2 5 1 2
1067 1067 2 5 1 2
1068 1068 2 5 1 2
1069 1069 2 5 1 2
1070 1070 2 5 1 2
1071 1071 2 5 1 2
1072 1072 2 5 1 2
1073 1073 2 5 1 2
1074 1074 2 5 1 2
1075 1075 2 5 1 2
1076 1076 2 5 1 2
1077 1077 2 5 1 2
1078 1078 2 5 1 2
1079 1079 1 5 1 1
1080 1080 1 5 1 1
1081 1081 1 5 1 1
1082 1082 1 5 1 1
1083 1083 1 5 1 1
1084 1084 1 5 1 1
1085 1085 1 5 1 1
1086 1086 1 5 1 1
1087 1087 1 5 1 1
1088 1088 1 5 1 1
1174 1174 1 5 1 1
1175 1175 1 5 1 1
1176 1176 1 5 1 1
1177 1177 1 5 1 1
1178 1178 1 5 1 1
1179 1179 1 5 1 1
1180 1180 1 5 1 1
1181 1181 1 5 1 1
1182 1182 1 5 1 1
1183 1183 1 5 1 1
1184 1184 1 5 1 1
1185 1185 1 5 1 1
1186 1186 1 5 1 1
1187 1187 1 5 1 1
1188 1188 1 5 1 1
1189 1189 1 5 1 1
1190 1190 1 5 1 1
1191 1191 1 5 1 1
1192 1192 1 5 1 1
1193 1193 1 5 1 1
1194 1194 1 5 1 1
1195 1195 1 5 1 1
1196 1196 1 5 1 1
1197 1197 1 5 1 1
1198 1198 1 5 1 1
1199 1199 1 5 1 1
1200 1200 1 5 1 1
1201 1201 1 5 1 1
1202 1202 1 5 1 1
1203 1203 1 5 1 1
1204 1204 1 5 1 1
1205 1205 1 5 1 1
1206 1206 1 5 1 1
1207 1207 1 5 1 1
1208 1208 1 5 1 1
1209 1209 1 5 1 1
1210 1210 1 5 1 1
1211 1211 1 5 1 1
1212 1212 1 5 1 1
1213 1213 1 5 1 1
1214 1214 1 5 1 1
1215 1215 1 5 1 1
1216 1216 1 5 1 1
1217 1217 1 5 1 1
1218 1218 1 5 1 1
1219 1219 1 5 1 1
1220 1220 1 5 1 1
1221 1221 1 5 1 1
1222 1222 1 5 1 1
1223 1223 1 5 1 1
1224 1224 1 5 1 1
1225 1225 1 5 1 1
1226 1226 1 5 1 1
1227 1227 1 5 1 1
1228 1228 1 5 1 1
1229 1229 1 5 1 1
1230 1230 1 5 1 1
1231 1231 1 5 1 1
1232 1232 1 5 1 1
1233 1233 1 5 1 1
1234 1234 1 5 1 1
1235 1235 1 5 1 1
1236 1236 1 5 1 1
1237 1237 1 5 1 1
1238 1238 1 5 1 1
1239 1239 1 5 1 1
1240 1240 1 5 1 1
1241 1241 1 5 1 1
1242 1242 1 5 1 1
1243 1243 1 5 1 1
1244 1244 1 5 1 1
1245 1245 1 5 1 1
1246 1246 1 5 1 1
1247 1247 1 5 1 1
1248 1248 1 5 1 1
1249 1249 1 5 1 1
1250 1250 1 5 1 1
1251 1251 1 5 1 1
1252 1252 1 5 1 1
1253 1253 1 5 1 1
1254 1254 1 5 1 1
1255 1255 1 5 1 1
1256 1256 1 5 1 1
1257 1257 1 5 1 1
1258 1258 1 5 1 1
1259 1259 1 5 1 1
1260 1260 1 5 1 1
1261 1261 1 5 1 1
1262 1262 1 5 1 1
1263 1263 1 5 1 1
1264 1264 1 5 1 1
1265 1265 1 5 1 1
1266 1266 1 5 1 1
1267 1267 1 5 1 1
1268 1268 1 5 1 1
1269 1269 1 5 1 1
1270 1270 1 5 1 1
1271 1271 1 5 1 1
1272 1272 1 5 1 1
1273 1273 1 5 1 1
1274 1274 1 5 1 1
1275 1275 1 5 1 1
1276 1276 1 5 1 1
1277 1277 1 5 1 1
1278 1278 1 5 1 1
1279 1279 1 5 1 1
1280 1280 1 5 1 1
1281 1281 1 5 1 1
1282 1282 1 5 1 1
1283 1283 1 5 1 1
1284 1284 1 5 1 1
1285 1285 1 5 1 1
714 714 1 5 1 1
715 715 1 5 1 1
716 716 1 5 1 1
717 717 1 5 1 1
718 718 1 5 1 1
719 719 1 5 1 1
720 720 1 5 1 1
721 721 2 5 1 2
722 722 2 5 1 2
723 723 2 5 1 2
724 724 2 5 1 2
725 725 2 5 1 2
726 726 2 5 1 2
727 727 2 5 1 2
728 728 3 5 1 3
729 729 3 5 1 3
730 730 3 5 1 3
731 731 3 5 1 3
732 732 3 5 1 3
733 733 3 5 1 3
734 734 3 5 1 3
735 735 4 5 1 4
736 736 4 5 1 4
737 737 4 5 1 4
738 738 4 5 1 4
739 739 4 5 1 4
740 740 4 5 1 4
741 741 5 5 1 5
742 742 5 5 1 5
743 743 5 5 1 5
744 744 5 5 1 5
745 745 5 5 1 5
746 746 5 5 1 5
747 747 6 5 1 6
748 748 6 5 1 6
749 749 6 5 1 6
750 750 6 5 1 6
751 751 6 5 1 6
752 752 7 5 1 7
753 753 7 5 1 7
754 754 7 5 1 7
755 755 7 5 1 7
756 756 7 5 1 7
757 757 7 5 1 7
758 758 8 5 1 8
759 759 8 5 1 8
760 760 8 5 1 8
761 761 8 5 1 8
762 762 8 5 1 8
763 763 8 5 1 8
764 764 8 5 1 8
765 765 9 5 1 9
766 766 9 5 1 9
767 767 9 5 1 9
768 768 9 5 1 9
769 769 9 5 1 9
770 770 9 5 1 9
771 771 9 5 1 9
772 772 10 5 1 10
773 773 10 5 1 10
774 774 10 5 1 10
775 775 10 5 1 10
776 776 10 5 1 10
777 777 10 5 1 10
778 778 10 5 1 10
779 779 10 5 1 10
780 780 11 5 1 11
781 781 11 5 1 11
782 782 11 5 1 11
783 783 11 5 1 11
784 784 11 5 1 11
785 785 11 5 1 11
786 786 11 5 1 11
787 787 11 5 1 11
788 788 11 5 1 11
789 789 11 5 1 11
790 790 11 5 1 11
791 791 12 5 1 12
792 792 12 5 1 12
793 793 12 5 1 12
794 794 12 5 1 12
795 795 12 5 1 12
796 796 12 5 1 12
797 797 12 5 1 12
798 798 12 5 1 12
799 799 12 5 1 12
800 800 12 5 1 12
801 801 12 5 1 12
802 802 12 5 1 12
803 803 12 5 1 12
804 804 12 5 1 12
805 805 12 5 1 12
806 806 12 5 1 12
807 807 12 5 1 12
808 808 12 5 1 12
809 809 12 5 1 12
810 810 12 5 1 12
811 811 12 5 1 12
812 812 12 5 1 12
813 813 12 5 1 12
814 814 12 5 1 12
815 815 12 5 1 12
816 816 12 5 1 12
817 817 12 5 1 12
818 818 12 5 1 12
819 819 12 5 1 12
820 820 12 5 1 12
821 821 12 5 1 12
822 822 12 5 1 12
823 823 12 5 1 12
824 824 12 5 1 12
825 825 11 5 1 11
826 826 11 5 1 11
827 827 11 5 1 11
828 828 11 5 1 11
829 829 11 5 1 11
830 830 11 5 1 11
831 831 11 5 1 11
832 832 11 5 1 11
833 833 11 5 1 11
834 834 11 5 1 11
835 835 11 5 1 11
836 836 11 5 1 11
837 837 10 5 1 10
838 838 10 5 1 10
839 839 10 5 1 10
840 840 10 5 1 10
841 841 10 5 1 10
842 842 10 5 1 10
843 843 10 5 1 10
844 844 10 5 1 10
845 845 10 5 1 10
846 846 9 5 1 9
847 847 9 5 1 9
848 848 9 5 1 9
849 849 9 5 1 9
850 850 9 5 1 9
851 851 9 5 1 9
852 852 9 5 1 9
853 853 8 5 1 8
854 854 8 5 1 8
855 855 8 5 1 8
856 856 8 5 1 8
857 857 8 5 1 8
858 858 8 5 1 8
859 859 8 5 1 8
860 860 7 5 1 7
861 861 7 5 1 7
862 862 7 5 1 7
863 863 7 5 1 7
864 864 7 5 1 7
865 865 7 5 1 7
866 866 7 5 1 7
867 867 6 5 1 6
868 868 6 5 1 6
869 869 6 5 1 6
870 870 6 5 1 6
871 871 6 5 1 6
872 872 6 5 1 6
873 873 5 5 1 5
874 874 5 5 1 5
875 875 5 5 1 5
876 876 5 5 1 5
877 877 5 5 1 5
878 878 5 5 1 5
879 879 5 5 1 5
880 880 4 5 1 4
881 881 4 5 1 4
882 882 4 5 1 4
883 883 4 5 1 4
884 884 4 5 1 4
885 885 4 5 1 4
886 886 4 5 1 4
887 887 3 5 1 3
888 888 3 5 1 3
889 889 3 5 1 3
890 890 3 5 1 3
891 891 3 5 1 3
892 892 3 5 1 3
893 893 3 5 1 3
894 894 2 5 1 2
895 895 2 5 1 2
896 896 2 5 1 2
897 897 2 5 1 2
898 898 2 5 1 2
899 899 2 5 1 2
900 900 2 5 1 2
901 901 2 5 1 2
902 902 1 5 1 1
903 903 1 5 1 1
904 904 1 5 1 1
905 905 1 5 1 1
906 906 1 5 1 1
907 907 1 5 1 1
908 908 1 5 1 1
909 909 1 5 1 1
910 910 1 5 1 1
925 925 1 5 1 1
926 926 1 5 1 1
927 927 1 5 1 1
928 928 1 5 1 1
929 929 1 5 1 1
930 930 1 5 1 1
931 931 1 5 1 1
932 932 1 5 1 1
933 933 1 5 1 1
934 934 1 5 1 1
935 935 1 5 1 1
936 936 1 5 1 1
937 937 1 5 1 1
938 938 1 5 1 1
939 939 1 5 1 1
940 940 1 5 1 1
941 941 1 5 1 1
942 942 1 5 1 1
943 943 1 5 1 1
944 944 1 5 1 1
945 945 1 5 1 1
946 946 1 5 1 1
947 947 1 5 1 1
948 948 1 5 1 1
949 949 1 5 1 1
950 950 1 5 1 1
951 951 1 5 1 1
952 952 1 5 1 1
953 953 1 5 1 1
954 954 1 5 1 1
955 955 1 5 1 1
956 956 1 5 1 1
957 957 1 5 1 1
958 958 1 5 1 1
959 959 1 5 1 1
960 960 1 5 1 1
961 961 1 5 1 1
962 962 1 5 1 1
963 963 1 5 1 1
964 964 1 5 1 1
965 965 1 5 1 1
966 966 1 5 1 1
967 967 1 5 1 1
1072 1072 1 5 1 1
1073 1073 1 5 1 1
1074 1074 1 5 1 1
1075 1075 1 5 1 1
1076 1076 1 5 1 1
1077 1077 1 5 1 1
1078 1078 1 5 1 1
1079 1079 1 5 1 1
1080 1080 1 5 1 1
1081 1081 1 5 1 1
1082 1082 1 5 1 1
1083 1083 1 5 1 1
1084 1084 1 5 1 1
1085 1085 1 5 1 1
1086 1086 1 5 1 1
1087 1087 2 5 1 2
1088 1088 2 5 1 2
1089 1089 2 5 1 2
1090 1090 2 5 1 2
1091 1091 2 5 1 2
1092 1092 2 5 1 2
1093 1093 2 5 1 2
1094 1094 2 5 1 2
1095 1095 3 5 1 3
1096 1096 3 5 1 3
1097 1097 3 5 1 3
1098 1098 3 5 1 3
1099 1099 3 5 1 3
1100 1100 3 5 1 3
1101 1101 4 5 1 4
1102 1102 4 5 1 4
1103 1103 4 5 1 4
1104 1104 4 5 1 4
1105 1105 4 5 1 4
1106 1106 4 5 1 4
1107 1107 5 5 1 5
1108 1108 5 5 1 5
1109 1109 5 5 1 5
1110 1110 5 5 1 5
1111 1111 5 5 1 5
1112 1112 5 5 1 5
1113 1113 6 5 1 6
1114 1114 6 5 1 6
1115 1115 6 5 1 6
1116 1116 6 5 1 6
1117 1117 6 5 1 6
1118 1118 6 5 1 6
1119 1119 7 5 1 7
1120 1120 7 5 1 7
1121 1121 7 5 1 7
1122 1122 7 5 1 7
1123 1123 7 5 1 7
1124 1124 8 5 1 8
1125 1125 8 5 1 8
1126 1126 8 5 1 8
1127 1127 8 5 1 8
1128 1128 8 5 1 8
1129 1129 9 5 1 9
1130 1130 9 5 1 9
1131 1131 9 5 1 9
1132 1132 9 5 1 9
1133 1133 9 5 1 9
1134 1134 10 5 1 10
1135 1135 10 5 1 10
1136 1136 10 5 1 10
1137 1137 10 5 1 10
1138 1138 10 5 1 10
1139 1139 11 5 1 11
1140 1140 11 5 1 11
1141 1141 11 5 1 11
1142 1142 11 5 1 11
1143 1143 12 5 1 12
1144 1144 12 5 1 12
1145 1145 12 5 1 12
1146 1146 12 5 1 12
1147 1147 12 5 1 12
1148 1148 13 5 1 13
1149 1149 13 5 1 13
1150 1150 13 5 1 13
1151 1151 13 5 1 13
1152 1152 14 5 1 14
1153 1153 14 5 1 14
1154 1154 14 5 1 14
1155 1155 14 5 1 14
1156 1156 15 5 1 15
1157 1157 15 5 1 15
1158 1158 15 5 1 15
1159 1159 15 5 1 15
1160 1160 15 5 1 15
1161 1161 16 5 1 16
1162 1162 16 5 1 16
1163 1163 16 5 1 16
1164 1164 16 5 1 16
1165 1165 17 5 1 17
1166 1166 17 5 1 17
1167 1167 17 5 1 17
1168 1168 18 5 1 18
1169 1169 18 5 1 18
1170 1170 18 5 1 18
1171 1171 18 5 1 18
1172 1172 19 5 1 19
1173 1173 19 5 1 19
1174 1174 19 5 1 19
1175 1175 19 5 1 19
1176 1176 20 5 1 20
1177 1177 20 5 1 20
1178 1178 20 5 1 20
1179 1179 20 5 1 20
1180 1180 21 5 1 21
1181 1181 21 5 1 21
1182 1182 21 5 1 21
1183 1183 22 5 1 22
1184 1184 22 5 1 22
1185 1185 22 5 1 22
1186 1186 22 5 1 22
1187 1187 23 5 1 23
1188 1188 23 5 1 23
1189 1189 23 5 1 23
1190 1190 24 5 1 24
1191 1191 24 5 1 24
1192 1192 24 5 1 24
1193 1193 24 5 1 24
1194 1194 25 5 1 25
1195 1195 25 5 1 25
1196 1196 25 5 1 25
1197 1197 26 5 1 26
1198 1198 26 5 1 26
1199 1199 26 5 1 26
1200 1200 27 5 1 27
1201 1201 27 5 1 27
1202 1202 27 5 1 27
1203 1203 28 5 1 28
1204 1204 28 5 1 28
1205 1205 28 5 1 28
1206 1206 28 5 1 28
1207 1207 29 5 1 29
1208 1208 29 5 1 29
1209 1209 29 5 1 29
1210 1210 30 5 1 30
1211 1211 30 5 1 30
1212 1212 30 5 1 30
1213 1213 31 5 1 31
1214 1214 31 5 1 31
1215 1215 31 5 1 31
1216 1216 32 5 1 32
1217 1217 32 5 1 32
1218 1218 32 5 1 32
1219 1219 33 5 1 33
1220 1220 33 5 1 33
1221 1221 33 5 1 33
1222 1222 34 5 1 34
1223 1223 34 5 1 34
1224 1224 34 5 1 34
1225 1225 35 5 1 35
1226 1226 35 5 1 35
1227 1227 35 5 1 35
1228 1228 36 5 1 36
1229 1229 36 5 1 36
1230 1230 37 5 1 37
1231 1231 37 5 1 37
1232 1232 37 5 1 37
1233 1233 38 5 1 38
1234 1234 38 5 1 38
1235 1235 38 5 1 38
1236 1236 39 5 1 39
1237 1237 39 5 1 39
1238 1238 39 5 1 39
1239 1239 40 5 1 40
1240 1240 40 5 1 40
1241 1241 40 5 1 40
1242 1242 41 5 1 41
1243 1243 41 5 1 41
1244 1244 42 5 1 42
1245 1245 42 5 1 42
1246 1246 42 5 1 42
1247 1247 43 5 1 43
1248 1248 43 5 1 43
1249 1249 43 5 1 43
1250 1250 44 5 1 44
1251 1251 44 5 1 44
1252 1252 45 5 1 45
1253 1253 45 5 1 45
1254 1254 45 5 1 45
1255 1255 46 5 1 46
1256 1256 46 5 1 46
1257 1257 47 5 1 47
1258 1258 47 5 1 47
1259 1259 47 5 1 47
1260 1260 48 5 1 48
1261 1261 48 5 1 48
1262 1262 49 5 1 49
1263 1263 49 5 1 49
1264 1264 49 5 1 49
1265 1265 50 5 1 50
1266 1266 50 5 1 50
1267 1267 51 5 1 51
1268 1268 51 5 1 51
1269 1269 51 5 1 51
1270 1270 52 5 1 52
1271 1271 52 5 1 52
1272 1272 53 5 1 53
1273 1273 53 5 1 53
1274 1274 54 5 1 54
1275 1275 54 5 1 54
1276 1276 54 5 1 54
1277 1277 55 5 1 55
1278 1278 55 5 1 55
1279 1279 56 5 1 56
1280 1280 56 5 1 56
1281 1281 56 5 1 56
1282 1282 57 5 1 57
1283 1283 57 5 1 57
1284 1284 58 5 1 58
1285 1285 58 5 1 58
839 839 1 5 1 1
840 840 1 5 1 1
841 841 1 5 1 1
842 842 1 5 1 1
843 843 1 5 1 1
844 844 1 5 1 1
845 845 1 5 1 1
846 846 1 5 1 1
847 847 1 5 1 1
848 848 1 5 1 1
849 849 1 5 1 1
850 850 1 5 1 1
851 851 1 5 1 1
852 852 1 5 1 1
853 853 1 5 1 1
854 854 1 5 1 1
855 855 1 5 1 1
856 856 1 5 1 1
857 857 1 5 1 1
858 858 1 5 1 1
859 859 1 5 1 1
860 860 1 5 1 1
861 861 1 5 1 1
862 862 1 5 1 1
863 863 1 5 1 1
864 864 1 5 1 1
865 865 1 5 1 1
866 866 1 5 1 1
867 867 1 5 1 1
868 868 1 5 1 1
869 869 1 5 1 1
870 870 1 5 1 1
871 871 1 5 1 1
872 872 1 5 1 1
873 873 1 5 1 1
874 874 1 5 1 1
875 875 1 5 1 1
876 876 1 5 1 1
877 877 1 5 1 1
878 878 1 5 1 1
879 879 1 5 1 1
880 880 1 5 1 1
881 881 1 5 1 1
882 882 1 5 1 1
883 883 1 5 1 1
884 884 1 5 1 1
885 885 1 5 1 1
886 886 1 5 1 1
887 887 1 5 1 1
888 888 1 5 1 1
889 889 1 5 1 1
890 890 1 5 1 1
891 891 1 5 1 1
892 892 1 5 1 1
893 893 1 5 1 1
894 894 1 5 1 1
895 895 1 5 1 1
896 896 1 5 1 1
897 897 1 5 1 1
898 898 1 5 1 1
899 899 1 5 1 1
931 931 1 5 1 1
932 932 1 5 1 1
933 933 1 5 1 1
934 934 1 5 1 1
935 935 1 5 1 1
936 936 1 5 1 1
937 937 1 5 1 1
938 938 1 5 1 1
939 939 1 5 1 1
940 940 1 5 1 1
941 941 1 5 1 1
942 942 1 5 1 1
943 943 1 5 1 1
944 944 1 5 1 1
945 945 1 5 1 1
946 946 1 5 1 1
947 947 1 5 1 1
948 948 1 5 1 1
949 949 1 5 1 1
950 950 1 5 1 1
951 951 1 5 1 1
952 952 1 5 1 1
953 953 1 5 1 1
954 954 1 5 1 1
955 955 2 5 1 2
956 956 2 5 1 2
957 957 2 5 1 2
958 958 2 5 1 2
959 959 2 5 1 2
960 960 2 5 1 2
961 961 2 5 1 2
962 962 2 5 1 2
963 963 2 5 1 2
964 964 2 5 1 2
965 965 2 5 1 2
966 966 2 5 1 2
967 967 2 5 1 2
968 968 2 5 1 2
969 969 2 5 1 2
970 970 2 5 1 2
971 971 2 5 1 2
972 972 2 5 1 2
973 973 2 5 1 2
974 974 2 5 1 2
975 975 2 5 1 2
976 976 2 5 1 2
977 977 2 5 1 2
978 978 2 5 1 2
979 979 2 5 1 2
980 980 3 5 1 3
981 981 3 5 1 3
982 982 3 5 1 3
983 983 3 5 1 3
984 984 3 5 1 3
985 985 3 5 1 3
986 986 3 5 1 3
987 987 3 5 1 3
988 988 3 5 1 3
989 989 3 5 1 3
990 990 3 5 1 3
991 991 3 5 1 3
992 992 3 5 1 3
993 993 3 5 1 3
994 994 3 5 1 3
995 995 3 5 1 3
996 996 3 5 1 3
997 997 3 5 1 3
998 998 3 5 1 3
999 999 3 5 1 3
1000 1000 3 5 1 3
1001 1001 3 5 1 3
1002 1002 3 5 1 3
1003 1003 3 5 1 3
1004 1004 3 5 1 3
1005 1005 3 5 1 3
1006 1006 3 5 1 3
1007 1007 3 5 1 3
1008 1008 3 5 1 3
1009 1009 3 5 1 3
1010 1010 3 5 1 3
1011 1011 3 5 1 3
1012 1012 3 5 1 3
1013 1013 3 5 1 3
1014 1014 3 5 1 3
1015 1015 3 5 1 3
1016 1016 3 5 1 3
1017 1017 3 5 1 3
1018 1018 3 5 1 3
1019 1019 3 5 1 3
1020 1020 3 5 1 3
1021 1021 3 5 1 3
1022 1022 3 5 1 3
1023 1023 3 5 1 3
1024 1024 3 5 1 3
1025 1025 3 5 1 3
1026 1026 3 5 1 3
1027 1027 3 5 1 3
1028 1028 3 5 1 3
1029 1029 3 5 1 3
1030 1030 3 5 1 3
1031 1031 3 5 1 3
1032 1032 3 5 1 3
1033 1033 3 5 1 3
1034 1034 3 5 1 3
1035 1035 3 5 1 3
1036 1036 3 5 1 3
1037 1037 3 5 1 3
1038 1038 3 5 1 3
1039 1039 3 5 1 3
1040 1040 3 5 1 3
1041 1041 3 5 1 3
1042 1042 3 5 1 3
1043 1043 3 5 1 3
1044 1044 3 5 1 3
1045 1045 3 5 1 3
1046 1046 3 5 1 3
1047 1047 3 5 1 3
1048 1048 3 5 1 3
1049 1049 3 5 1 3
1050 1050 3 5 1 3
1051 1051 3 5 1 3
1052 1052 3 5 1 3
1053 1053 3 5 1 3
1054 1054 2 5 1 2
1055 1055 2 5 1 2
1056 1056 2 5 1 2
1057 1057 2 5 1 2
1058 1058 2 5 1 2
1059 1059 2 5 1 2
1060 1060 2 5 1 2
1061 1061 2 5 1 2
1062 1062 2 5 1 2
1063 1063 2 5 1 2
1064 1064 2 5 1 2
1065 1065 2 5 1 2
1066 1066 2 5 1 2
1067 1067 2 5 1 2
1068 1068 2 5 1 2
1069 1069 2 5 1 2
1070 1070 2 5 1 2
1071 1071 2 5 1 2
1072 1072 2 5 1 2
1073 1073 1 5 1 1
1074 1074 1 5 1 1
1075 1075 1 5 1 1
1076 1076 1 5 1 1
1077 1077 1 5 1 1
1078 1078 1 5 1 1
1079 1079 1 5 1 1
1080 1080 1 5 1 1
1081 1081 1 5 1 1
1082 1082 1 5 1 1
1083 1083 1 5 1 1
1084 1084 1 5 1 1
1085 1085 1 5 1 1
1086 1086 1 5 1 1
1087 1087 1 5 1 1
1088 1088 1 5 1 1
1089 1089 1 5 1 1
1090 1090 1 5 1 1
1091 1091 1 5 1 1
1092 1092 1 5 1 1
1093 1093 1 5 1 1
1094 1094 1 5 1 1
1221 1221 1 5 1 1
1222 1222 1 5 1 1
1223 1223 1 5 1 1
1224 1224 1 5 1 1
1225 1225 1 5 1 1
1226 1226 1 5 1 1
1227 1227 1 5 1 1
1228 1228 1 5 1 1
1229 1229 1 5 1 1
1230 1230 1 5 1 1
1231 1231 1 5 1 1
1232 1232 1 5 1 1
1233 1233 1 5 1 1
1234 1234 1 5 1 1
1235 1235 1 5 1 1
1236 1236 1 5 1 1
1237 1237 1 5 1 1
1238 1238 1 5 1 1
1239 1239 1 5 1 1
1240 1240 1 5 1 1
1241 1241 1 5 1 1
1242 1242 1 5 1 1
1243 1243 1 5 1 1
1244 1244 1 5 1 1
1245 1245 1 5 1 1
1246 1246 1 5 1 1
1247 1247 1 5 1 1
1248 1248 1 5 1 1
1249 1249 1 5 1 1
1250 1250 1 5 1 1
1251 1251 1 5 1 1
1252 1252 1 5 1 1
1253 1253 1 5 1 1
1254 1254 1 5 1 1
1255 1255 1 5 1 1
1256 1256 1 5 1 1
1257 1257 1 5 1 1
1258 1258 1 5 1 1
1259 1259 1 5 1 1
1260 1260 1 5 1 1
1261 1261 1 5 1 1
1262 1262 1 5 1 1
1263 1263 1 5 1 1
1264 1264 1 5 1 1
1265 1265 1 5 1 1
1266 1266 1 5 1 1
1267 1267 1 5 1 1
1268 1268 1 5 1 1
1269 1269 1 5 1 1
1270 1270 1 5 1 1
1271 1271 1 5 1 1
1272 1272 1 5 1 1
1273 1273 1 5 1 1
1274 1274 1 5 1 1
1275 1275 1 5 1 1
1276 1276 1 5 1 1
1277 1277 1 5 1 1
1278 1278 1 5 1 1
1279 1279 1 5 1 1
1280 1280 1 5 1 1
1281 1281 1 5 1 1
1282 1282 1 5 1 1
1283 1283 1 5 1 1
1284 1284 1 5 1 1
1285 1285 1 5 1 1
900 900 1 6 1 1
901 901 1 6 1 1
902 902 2 6 1 2
903 903 2 6 1 2
904 904 2 6 1 2
905 905 2 6 1 2
906 906 2 6 1 2
907 907 2 6 1 2
908 908 2 6 1 2
909 909 2 6 1 2
910 910 2 6 1 2
911 911 2 6 1 2
912 912 2 6 1 2
913 913 3 6 1 3
914 914 3 6 1 3
915 915 3 6 1 3
916 916 3 6 1 3
917 917 3 6 1 3
918 918 3 6 1 3
919 919 3 6 1 3
920 920 3 6 1 3
921 921 4 6 1 4
922 922 4 6 1 4
923 923 4 6 1 4
924 924 4 6 1 4
925 925 4 6 1 4
926 926 4 6 1 4
927 927 5 6 1 5
928 928 5 6 1 5
929 929 5 6 1 5
930 930 5 6 1 5
931 931 5 6 1 5
932 932 5 6 1 5
933 933 6 6 1 6
934 934 6 6 1 6
935 935 6 6 1 6
936 936 6 6 1 6
937 937 6 6 1 6
938 938 7 6 1 7
939 939 7 6 1 7
940 940 7 6 1 7
941 941 7 6 1 7
942 942 7 6 1 7
943 943 8 6 1 8
944 944 8 6 1 8
945 945 8 6 1 8
946 946 8 6 1 8
947 947 9 6 1 9
948 948 9 6 1 9
949 949 9 6 1 9
950 950 9 6 1 9
951 951 10 6 1 10
952 952 10 6 1 10
953 953 10 6 1 10
954 954 11 6 1 11
955 955 11 6 1 11
956 956 11 6 1 11
957 957 11 6 1 11
958 958 12 6 1 12
959 959 12 6 1 12
960 960 12 6 1 12
961 961 13 6 1 13
962 962 13 6 1 13
963 963 13 6 1 13
964 964 14 6 1 14
965 965 14 6 1 14
966 966 14 6 1 14
967 967 14 6 1 14
968 968 15 6 1 15
969 969 15 6 1 15
970 970 16 6 1 16
971 971 16 6 1 16
972 972 16 6 1 16
973 973 17 6 1 17
974 974 17 6 1 17
975 975 17 6 1 17
976 976 18 6 1 18
977 977 18 6 1 18
978 978 18 6 1 18
979 979 19 6 1 19
980 980 19 6 1 19
981 981 20 6 1 20
982 982 20 6 1 20
983 983 20 6 1 20
984 984 21 6 1 21
985 985 21 6 1 21
986 986 22 6 1 22
987 987 22 6 1 22
988 988 22 6 1 22
989 989 23 6 1 23
990 990 23 6 1 23
991 991 24 6 1 24
992 992 24 6 1 24
993 993 25 6 1 25
994 994 25 6 1 25
995 995 26 6 1 26
996 996 26 6 1 26
997 997 26 6 1 26
998 998 27 6 1 27
999 999 27 6 1 27
1000 1000 28 6 1 28
1001 1001 28 6 1 28
1002 1002 29 6 1 29
1003 1003 29 6 1 29
1004 1004 30 6 1 30
1005 1005 30 6 1 30
1006 1006 31 6 1 31
1007 1007 31 6 1 31
1008 1008 32 6 1 32
1009 1009 32 6 1 32
1010 1010 33 6 1 33
1011 1011 33 6 1 33
1012 1012 34 6 1 34
1013 1013 34 6 1 34
1014 1014 35 6 1 35
1015 1015 35 6 1 35
1016 1016 36 6 1 36
1017 1017 37 6 1 37
1018 1018 37 6 1 37
1019 1019 38 6 1 38
1020 1020 38 6 1 38
1021 1021 39 6 1 39
1022 1022 39 6 1 39
1023 1023 40 6 1 40
1024 1024 40 6 1 40
1025 1025 41 6 1 41
1026 1026 42 6 1 42
1027 1027 42 6 1 42
1028 1028 43 6 1 43
1029 1029 43 6 1 43
1030 1030 44 6 1 44
1031 1031 44 6 1 44
1032 1032 45 6 1 45
1033 1033 46 6 1 46
1034 1034 46 6 1 46
1035 1035 47 6 1 47
1036 1036 47 6 1 47
1037 1037 48 6 1 48
1038 1038 49 6 1 49
1039 1039 49 6 1 49
1040 1040 50 6 1 50
1041 1041 51 6 1 51
1042 1042 51 6 1 51
1043 1043 52 6 1 52
1044 1044 53 6 1 53
1045 1045 53 6 1 53
1046 1046 54 6 1 54
1047 1047 54 6 1 54
1048 1048 55 6 1 55
1049 1049 56 6 1 56
1050 1050 56 6 1 56
1051 1051 57 6 1 57
1052 1052 58 6 1 58
1053 1053 58 6 1 58
1054 1054 59 6 1 59
1055 1055 60 6 1 60
1056 1056 60 6 1 60
1057 1057 61 6 1 61
1058 1058 62 6 1 62
1059 1059 63 6 1 63
1060 1060 63 6 1 63
1061 1061 64 6 1 64
1062 1062 65 6 1 65
1063 1063 65 6 1 65
1064 1064 66 6 1 66
1065 1065 67 6 1 67
1066 1066 68 6 1 68
1067 1067 68 6 1 68
1068 1068 69 6 1 69
1069 1069 70 6 1 70
1070 1070 70 6 1 70
1071 1071 71 6 1 71
1072 1072 72 6 1 72
1073 1073 73 6 1 73
1074 1074 73 6 1 73
1075 1075 74 6 1 74
1076 1076 75 6 1 75
1077 1077 76 6 1 76
1078 1078 77 6 1 77
1079 1079 77 6 1 77
1080 1080 78 6 1 78
1081 1081 79 6 1 79
1082 1082 80 6 1 80
1083 1083 80 6 1 80
1084 1084 81 6 1 81
1085 1085 82 6 1 82
1086 1086 83 6 1 83
1087 1087 84 6 1 84
1088 1088 84 6 1 84
1089 1089 85 6 1 85
1090 1090 86 6 1 86
1091 1091 87 6 1 87
1092 1092 88 6 1 88
1093 1093 88 6 1 88
1094 1094 89 6 1 89
1095 1095 90 6 1 90
1096 1096 91 6 1 91
1097 1097 92 6 1 92
1098 1098 93 6 1 93
1099 1099 94 6 1 94
1100 1100 94 6 1 94
1101 1101 95 6 1 95
1102 1102 96 6 1 96
1103 1103 97 6 1 97
1104 1104 98 6 1 98
1105 1105 99 6 1 99
1106 1106 100 6 1 100
1107 1107 100 6 1 100
1108 1108 101 6 1 101
1109 1109 102 6 1 102
1110 1110 103 6 1 103
1111 1111 104 6 1 104
1112 1112 105 6 1 105
1113 1113 106 6 1 106
1114 1114 107 6 1 107
1115 1115 108 6 1 108
1116 1116 108 6 1 108
1117 1117 109 6 1 109
1118 1118 110 6 1 110
1119 1119 111 6 1 111
1120 1120 112 6 1 112
1121 1121 113 6 1 113
1122 1122 114 6 1 114
1123 1123 115 6 1 115
1124 1124 116 6 1 116
1125 1125 117 6 1 117
1126 1126 118 6 1 118
1127 1127 119 6 1 119
1128 1128 120 6 1 120
1129 1129 121 6 1 121
1130 1130 122 6 1 122
1131 1131 123 6 1 123
1132 1132 124 6 1 124
1133 1133 125 6 1 125
1134 1134 126 6 1 126
1135 1135 126 6 1 126
1136 1136 127 6 1 127
1137 1137 128 6 1 128
1138 1138 129 6 1 129
1139 1139 130 6 1 130
1140 1140 131 6 1 131
1141 1141 132 6 1 132
1142 1142 133 6 1 133
1143 1143 134 6 1 134
1144 1144 135 6 1 135
1145 1145 137 6 1 137
1146 1146 138 6 1 138
1147 1147 139 6 1 139
1148 1148 140 6 1 140
1149 1149 141 6 1 141
1150 1150 142 6 1 142
1151 1151 143 6 1 143
1152 1152 144 6 1 144
1153 1153 145 6 1 145
1154 1154 146 6 1 146
1155 1155 147 6 1 147
1156 1156 148 6 1 148
1157 1157 149 6 1 149
1158 1158 150 6 1 150
1159 1159 151 6 1 151
1160 1160 152 6 1 152
1161 1161 153 6 1 153
1162 1162 154 6 1 154
1163 1163 155 6 1 155
1164 1164 157 6 1 157
1165 1165 158 6 1 158
1166 1166 159 6 1 159
1167 1167 160 6 1 160
1168 1168 161 6 1 161
1169 1169 162 6 1 162
1170 1170 163 6 1 163
1171 1171 164 6 1 164
1172 1172 165 6 1 165
1173 1173 167 6 1 167
1174 1174 168 6 1 168
1175 1175 169 6 1 169
1176 1176 170 6 1 170
1177 1177 171 6 1 171
1178 1178 172 6 1 172
1179 1179 173 6 1 173
1180 1180 174 6 1 174
1181 1181 176 6 1 176
1182 1182 177 6 1 177
1183 1183 178 6 1 178
1184 1184 179 6 1 179
1185 1185 180 6 1 180
1186 1186 181 6 1 181
1187 1187 183 6 1 183
1188 1188 184 6 1 184
1189 1189 185 6 1 185
1190 1190 186 6 1 186
1191 1191 187 6 1 187
1192 1192 189 6 1 189
1193 1193 190 6 1 190
1194 1194 191 6 1 191
1195 1195 192 6 1 192
1196 1196 193 6 1 193
1197 1197 195 6 1 195
1198 1198 196 6 1 196
1199 1199 197 6 1 197
1200 1200 198 6 1 198
1201 1201 199 6 1 199
792 792 1 7 1 1
793 793 1 7 1 1
794 794 1 7 1 1
795 795 1 7 1 1
796 796 1 7 1 1
797 797 1 7 1 1
798 798 1 7 1 1
799 799 1 7 1 1
800 800 1 7 1 1
801 801 1 7 1 1
802 802 1 7 1 1
803 803 1 7 1 1
804 804 1 7 1 1
805 805 1 7 1 1
806 806 1 7 1 1
807 807 1 7 1 1
808 808 1 7 1 1
809 809 1 7 1 1
810 810 1 7 1 1
811 811 1 7 1 1
812 812 1 7 1 1
813 813 1 7 1 1
814 814 1 7 1 1
815 815 1 7 1 1
816 816 1 7 1 1
817 817 1 7 1 1
818 818 1 7 1 1
819 819 1 7 1 1
820 820 1 7 1 1
821 821 1 7 1 1
822 822 1 7 1 1
823 823 1 7 1 1
824 824 1 7 1 1
825 825 1 7 1 1
826 826 1 7 1 1
827 827 1 7 1 1
828 828 1 7 1 1
829 829 1 7 1 1
830 830 1 7 1 1
831 831 1 7 1 1
832 832 1 7 1 1
833 833 1 7 1 1
834 834 1 7 1 1
835 835 1 7 1 1
836 836 1 7 1 1
837 837 1 7 1 1
838 838 1 7 1 1
839 839 1 7 1 1
840 840 1 7 1 1
841 841 1 7 1 1
842 842 1 7 1 1
843 843 1 7 1 1
844 844 1 7 1 1
845 845 1 7 1 1
846 846 1 7 1 1
847 847 1 7 1 1
848 848 1 7 1 1
849 849 1 7 1 1
850 850 1 7 1 1
851 851 1 7 1 1
852 852 1 7 1 1
853 853 1 7 1 1
854 854 1 7 1 1
855 855 1 7 1 1
856 856 1 7 1 1
857 857 2 7 1 2
858 858 2 7 1 2
859 859 2 7 1 2
860 860 2 7 1 2
861 861 3 7 1 3
862 862 3 7 1 3
863 863 4 7 1 4
864 864 4 7 1 4
865 865 5 7 1 5
866 866 6 7 1 6
867 867 7 7 1 7
868 868 8 7 1 8
869 869 8 7 1 8
870 870 9 7 1 9
871 871 10 7 1 10
872 872 11 7 1 11
873 873 11 7 1 11
874 874 12 7 1 12
875 875 13 7 1 13
876 876 14 7 1 14
877 877 15 7 1 15
878 878 15 7 1 15
879 879 16 7 1 16
880 880 17 7 1 17
881 881 18 7 1 18
882 882 19 7 1 19
883 883 19 7 1 19
884 884 20 7 1 20
885 885 21 7 1 21
886 886 22 7 1 22
887 887 23 7 1 23
888 888 24 7 1 24
889 889 25 7 1 25
890 890 25 7 1 25
891 891 26 7 1 26
892 892 27 7 1 27
893 893 28 7 1 28
894 894 29 7 1 29
895 895 29 7 1 29
896 896 30 7 1 30
897 897 31 7 1 31
898 898 32 7 1 32
899 899 32 7 1 32
900 900 33 7 1 33
901 901 34 7 1 34
902 902 34 7 1 34
903 903 35 7 1 35
904 904 35 7 1 35
905 905 36 7 1 36
906 906 36 7 1 36
907 907 37 7 1 37
908 908 37 7 1 37
909 909 38 7 1 38
910 910 38 7 1 38
911 911 39 7 1 39
912 912 39 7 1 39
913 913 39 7 1 39
914 914 39 7 1 39
915 915 40 7 1 40
916 916 40 7 1 40
917 917 40 7 1 40
918 918 40 7 1 40
919 919 40 7 1 40
920 920 40 7 1 40
921 921 40 7 1 40
922 922 40 7 1 40
923 923 40 7 1 40
924 924 40 7 1 40
925 925 40 7 1 40
926 926 40 7 1 40
927 927 40 7 1 40
928 928 40 7 1 40
929 929 39 7 1 39
930 930 39 7 1 39
931 931 39 7 1 39
932 932 38 7 1 38
933 933 38 7 1 38
934 934 38 7 1 38
935 935 37 7 1 37
936 936 36 7 1 36
937 937 36 7 1 36
938 938 35 7 1 35
939 939 35 7 1 35
940 940 34 7 1 34
941 941 33 7 1 33
942 942 32 7 1 32
943 943 32 7 1 32
944 944 31 7 1 31
945 945 30 7 1 30
946 946 29 7 1 29
947 947 28 7 1 28
948 948 27 7 1 27
949 949 26 7 1 26
950 950 25 7 1 25
951 951 24 7 1 24
952 952 23 7 1 23
953 953 22 7 1 22
954 954 20 7 1 20
955 955 19 7 1 19
956 956 18 7 1 18
957 957 17 7 1 17
958 958 15 7 1 15
959 959 14 7 1 14
960 960 12 7 1 12
961 961 11 7 1 11
962 962 9 7 1 9
963 963 8 7 1 8
964 964 6 7 1 6
965 965 5 7 1 5
966 966 3 7 1 3
967 967 2 7 1 2
969 969 2 7 1 2
970 970 3 7 1 3
971 971 5 7 1 5
972 972 7 7 1 7
973 973 9 7 1 9
974 974 11 7 1 11
975 975 12 7 1 12
976 976 14 7 1 14
977 977 16 7 1 16
978 978 18 7 1 18
979 979 20 7 1 20
980 980 22 7 1 22
981 981 24 7 1 24
982 982 26 7 1 26
983 983 28 7 1 28
984 984 30 7 1 30
985 985 32 7 1 32
986 986 34 7 1 34
987 987 36 7 1 36
988 988 38 7 1 38
989 989 40 7 1 40
990 990 42 7 1 42
991 991 45 7 1 45
992 992 47 7 1 47
993 993 49 7 1 49
994 994 51 7 1 51
995 995 53 7 1 53
996 996 55 7 1 55
997 997 57 7 1 57
998 998 60 7 1 60
999 999 62 7 1 62
1000 1000 64 7 1 64
1001 1001 66 7 1 66
1002 1002 68 7 1 68
1003 1003 70 7 1 70
1004 1004 73 7 1 73
1005 1005 75 7 1 75
1006 1006 77 7 1 77
1007 1007 79 7 1 79
1008 1008 81 7 1 81
1009 1009 83 7 1 83
1010 1010 85 7 1 85
1011 1011 88 7 1 88
1012 1012 90 7 1 90
1013 1013 92 7 1 92
1014 1014 94 7 1 94
1015 1015 96 7 1 96
1016 1016 98 7 1 98
1017 1017 100 7 1 100
1018 1018 102 7 1 102
1019 1019 104 7 1 104
1020 1020 106 7 1 106
1021 1021 108 7 1 108
1022 1022 110 7 1 110
1023 1023 112 7 1 112
1024 1024 114 7 1 114
1025 1025 115 7 1 115
1026 1026 117 7 1 117
1027 1027 119 7 1 119
1028 1028 121 7 1 121
1029 1029 123 7 1 123
1030 1030 124 7 1 124
1031 1031 126 7 1 126
1032 1032 128 7 1 128
1033 1033 129 7 1 129
1034 1034 131 7 1 131
1035 1035 133 7 1 133
1036 1036 134 7 1 134
1037 1037 136 7 1 136
1038 1038 137 7 1 137
1039 1039 139 7 1 139
1040 1040 140 7 1 140
1041 1041 141 7 1 141
1042 1042 143 7 1 143
1043 1043 144 7 1 144
1044 1044 145 7 1 145
1045 1045 146 7 1 146
1046 1046 148 7 1 148
1047 1047 149 7 1 149
1048 1048 150 7 1 150
1049 1049 151 7 1 151
1050 1050 152 7 1 152
1051 1051 153 7 1 153
1052 1052 154 7 1 154
1053 1053 154 7 1 154
1054 1054 155 7 1 155
1055 1055 156 7 1 156
1056 1056 157 7 1 157
1057 1057 157 7 1 157
1058 1058 158 7 1 158
1059 1059 159 7 1 159
1060 1060 159 7 1 159
1061 1061 160 7 1 160
1062 1062 160 7 1 160
1063 1063 160 7 1 160
1064 1064 161 7 1 161
1065 1065 161 7 1 161
1066 1066 161 7 1 161
1067 1067 161 7 1 161
1068 1068 161 7 1 161
1069 1069 161 7 1 161
1070 1070 161 7 1 161
1071 1071 161 7 1 161
1072 1072 161 7 1 161
1073 1073 161 7 1 161
1074 1074 161 7 1 161
1075 1075 160 7 1 160
1076 1076 160 7 1 160
1077 1077 160 7 1 160
1078 1078 159 7 1 159
1079 1079 159 7 1 159
1080 1080 158 7 1 158
1081 1081 157 7 1 157
1082 1082 157 7 1 157
1083 1083 156 7 1 156
1084 1084 155 7 1 155
1085 1085 154 7 1 154
1086 1086 153 7 1 153
1087 1087 152 7 1 152
1088 1088 151 7 1 151
1089 1089 150 7 1 150
1090 1090 149 7 1 149
1091 1091 148 7 1 148
1092 1092 146 7 1 146
1093 1093 145 7 1 145
1094 1094 144 7 1 144
1095 1095 142 7 1 142
1096 1096 141 7 1 141
1097 1097 139 7 1 139
1098 1098 138 7 1 138
1099 1099 136 7 1 136
1100 1100 134 7 1 134
1101 1101 132 7 1 132
1102 1102 130 7 1 130
1103 1103 129 7 1 129
1104 1104 127 7 1 127
1105 1105 124 7 1 124
1106 1106 122 7 1 122
1107 1107 120 7 1 120
1108 1108 118 7 1 118
1109 1109 116 7 1 116
1110 1110 113 7 1 113
1111 1111 111 7 1 111
1112 1112 109 7 1 109
1113 1113 106 7 1 106
1114 1114 104 7 1 104
1115 1115 101 7 1 101
1116 1116 98 7 1 98
1117 1117 96 7 1 96
1118 1118 93 7 1 93
1119 1119 90 7 1 90
1120 1120 87 7 1 87
1121 1121 84 7 1 84
1122 1122 81 7 1 81
1123 1123 78 7 1 78
1124 1124 75 7 1 75
1125 1125 72 7 1 72
1126 1126 69 7 1 69
1127 1127 65 7 1 65
1128 1128 62 7 1 62
1129 1129 59 7 1 59
1130 1130 56 7 1 56
1131 1131 53 7 1 53
1132 1132 50 7 1 50
1133 1133 47 7 1 47
1134 1134 45 7 1 45
1135 1135 43 7 1 43
1136 1136 41 7 1 41
1137 1137 39 7 1 39
1138 1138 38 7 1 38
1139 1139 36 7 1 36
1140 1140 35 7 1 35
1141 1141 33 7 1 33
1142 1142 31 7 1 31
1143 1143 30 7 1 30
1144 1144 28 7 1 28
1145 1145 26 7 1 26
1146 1146 25 7 1 25
1147 1147 23 7 1 23
1148 1148 21 7 1 21
1149 1149 19 7 1 19
1150 1150 17 7 1 17
1151 1151 16 7 1 16
1152 1152 16 7 1 16
1153 1153 15 7 1 15
1154 1154 15 7 1 15
1155 1155 15 7 1 15
1156 1156 15 7 1 15
1157 1157 14 7 1 14
1158 1158 14 7 1 14
1159 1159 14 7 1 14
1160 1160 14 7 1 14
1161 1161 14 7 1 14
1162 1162 14 7 1 14
1163 1163 14 7 1 14
1164 1164 14 7 1 14
1165 1165 14 7 1 14
1166 1166 14 7 1 14
1167 1167 15 7 1 15
1168 1168 15 7 1 15
1169 1169 15 7 1 15
1170 1170 15 7 1 15
1171 1171 15 7 1 15
1172 1172 15 7 1 15
1173 1173 15 7 1 15
1174 1174 15 7 1 15
1175 1175 15 7 1 15
1176 1176 15 7 1 15
1177 1177 15 7 1 15
1178 1178 15 7 1 15
1179 1179 16 7 1 16
1180 1180 16 7 1 16
1181 1181 16 7 1 16
1182 1182 16 7 1 16
1183 1183 16 7 1 16
1184 1184 16 7 1 16
1185 1185 16 7 1 16
1186 1186 16 7 1 16
1187 1187 16 7 1 16
1188 1188 16 7 1 16
1189 1189 16 7 1 16
1190 1190 16 7 1 16
1191 1191 17 7 1 17
1192 1192 17 7 1 17
1193 1193 17 7 1 17
1194 1194 17 7 1 17
1195 1195 17 7 1 17
1196 1196 17 7 1 17
1197 1197 17 7 1 17
1198 1198 17 7 1 17
1199 1199 17 7 1 17
1200 1200 17 7 1 17
1201 1201 17 7 1 17
1202 1202 17 7 1 17
1203 1203 18 7 1 18
1204 1204 18 7 1 18
1205 1205 18 7 1 18
1206 1206 18 7 1 18
1207 1207 18 7 1 18
1208 1208 18 7 1 18
1209 1209 18 7 1 18
1210 1210 18 7 1 18
1211 1211 18 7 1 18
1212 1212 18 7 1 18
1213 1213 18 7 1 18
1214 1214 19 7 1 19
1215 1215 19 7 1 19
1216 1216 19 7 1 19
1217 1217 19 7 1 19
1218 1218 19 7 1 19
1219 1219 19 7 1 19
1220 1220 19 7 1 19
1221 1221 19 7 1 19
1222 1222 19 7 1 19
1223 1223 19 7 1 19
1224 1224 19 7 1 19
1225 1225 19 7 1 19
1226 1226 20 7 1 20
1227 1227 20 7 1 20
1228 1228 20 7 1 20
1229 1229 20 7 1 20
1230 1230 20 7 1 20
1231 1231 20 7 1 20
1232 1232 20 7 1 20
1233 1233 20 7 1 20
1234 1234 20 7 1 20
1235 1235 20 7 1 20
1236 1236 20 7 1 20
1237 1237 21 7 1 21
1238 1238 21 7 1 21
1239 1239 21 7 1 21
1240 1240 21 7 1 21
1241 1241 21 7 1 21
1242 1242 21 7 1 21
1243 1243 21 7 1 21
1244 1244 21 7 1 21
1245 1245 21 7 1 21
1246 1246 22 7 1 22
1247 1247 22 7 1 22
1248 1248 22 7 1 22
1249 1249 22 7 1 22
1250 1250 22 7 1 22
1251 1251 22 7 1 22
1252 1252 22 7 1 22
1253 1253 23 7 1 23
1254 1254 23 7 1 23
1255 1255 23 7 1 23
1256 1256 23 7 1 23
1257 1257 23 7 1 23
1258 1258 23 7 1 23
1259 1259 23 7 1 23
1260 1260 23 7 1 23
1261 1261 24 7 1 24
1262 1262 24 7 1 24
1263 1263 24 7 1 24
1264 1264 24 7 1 24
1265 1265 24 7 1 24
1266 1266 24 7 1 24
1267 1267 24 7 1 24
1268 1268 25 7 1 25
1269 1269 25 7 1 25
1270 1270 25 7 1 25
1271 1271 25 7 1 25
1272 1272 25 7 1 25
1273 1273 25 7 1 25
1274 1274 25 7 1 25
1275 1275 26 7 1 26
1276 1276 26 7 1 26
1277 1277 26 7 1 26
1278 1278 26 7 1 26
1279 1279 26 7 1 26
1280 1280 26 7 1 26
1281 1281 26 7 1 26
1282 1282 26 7 1 26
1283 1283 27 7 1 27
1284 1284 27 7 1 27
1285 1285 27 7 1 27
1286 1286 27 7 1 27
1287 1287 27 7 1 27
1288 1288 27 7 1 27
1289 1289 28 7 1 28
1290 1290 28 7 1 28
1291 1291 28 7 1 28
1292 1292 28 7 1 28
1293 1293 28 7 1 28
1294 1294 28 7 1 28
1295 1295 28 7 1 28
1296 1296 29 7 1 29
1297 1297 29 7 1 29
1298 1298 29 7 1 29
1299 1299 29 7 1 29
1300 1300 29 7 1 29
1301 1301 29 7 1 29
1302 1302 29 7 1 29
1303 1303 30 7 1 30
1304 1304 30 7 1 30
1305 1305 30 7 1 30
1306 1306 30 7 1 30
1307 1307 30 7 1 30
1308 1308 30 7 1 30
1309 1309 30 7 1 30
1310 1310 31 7 1 31
1311 1311 31 7 1 31
1312 1312 31 7 1 31
1313 1313 31 7 1 31
1314 1314 31 7 1 31
1315 1315 31 7 1 31
1316 1316 32 7 1 32
1317 1317 32 7 1 32
1318 1318 32 7 1 32
1319 1319 32 7 1 32
1320 1320 32 7 1 32
1321 1321 32 7 1 32
1322 1322 33 7 1 33
1323 1323 33 7 1 33
1324 1324 33 7 1 33
1325 1325 33 7 1 33
1326 1326 33 7 1 33
1327 1327 33 7 1 33
1328 1328 33 7 1 33
1329 1329 34 7 1 34
1330 1330 34 7 1 34
1331 1331 34 7 1 34
1332 1332 34 7 1 34
1333 1333 34 7 1 34
1334 1334 34 7 1 34
1335 1335 35 7 1 35
1336 1336 35 7 1 35
