413 2213
414 2545
415 2878
416 3210
417 3542
418 3874
419 4206
420 4537
421 4867
422 5197
423 5527
424 5855
425 6182
426 6508
427 6833
428 7156
429 7478
430 7798
431 8117
432 8433
433 8748
434 9061
435 9372
436 9680
437 9987
438 10292
439 10594
440 10895
441 11193
442 11490
443 11785
444 12079
445 12371
446 12661
447 12951
448 13239
449 13527
450 13814
451 14100
452 14387
453 14674
454 14961
455 15249
456 15538
457 15829
458 16121
459 16415
460 16712
461 17011
462 17313
463 17618
464 17927
465 18239
466 18556
467 18878
468 19204
469 19535
470 19872
471 20214
472 20562
473 20917
474 21277
475 21644
476 22017
477 22397
478 22784
479 23178
480 23579
481 23987
482 24402
483 24824
484 25253
485 25689
486 26132
487 26582
488 27038
489 27501
490 27970
491 28446
492 28927
493 29413
494 29905
495 30402
496 30903
497 31409
498 31918
499 32432
500 32948
501 33467
502 33988
503 34511
504 35035
505 35560
506 36085
507 36610
508 37135
509 37658
510 38180
511 38699
512 39216
513 39730
514 40240
515 40745
516 41246
517 41742
518 42232
519 42716
520 43192
521 43662
522 44124
523 44578
524 45024
525 45460
526 45887
527 46305
528 46712
529 47108
530 47494
531 47868
532 48231
533 48582
534 48920
535 49246
536 49560
537 49860
538 50147
539 50421
540 50680
541 50926
542 51158
543 51376
544 51579
545 51768
546 51942
547 52101
548 52246
549 52375
550 52490
551 52589
552 52673
553 52743
554 52797
555 52836
556 52860
557 52868
558 52862
559 52841
560 52804
561 52753
562 52687
563 52607
564 52512
565 52402
566 52278
567 52140
568 51988
569 51823
570 51644
571 51451
572 51246
573 51027
574 50797
575 50554
576 50299
577 50032
578 49755
579 49466
580 49167
581 48858
582 48540
583 48212
584 47875
585 47531
586 47178
587 46819
588 46452
589 46080
590 45702
591 45319
592 44932
593 44542
594 44148
595 43752
596 43354
597 42955
598 42556
599 42157
600 41760
601 41364
602 40970
603 40580
604 40194
605 39813
606 39436
607 39067
608 38704
609 38348
610 38001
611 37663
612 37334
613 37016
614 36708
615 36413
616 36129
617 35858
618 35601
619 35357
620 35128
621 34914
622 34715
623 34531
624 34364
625 34214
626 34080
627 33963
628 33863
629 33781
630 33716
631 33669
632 33640
633 33629
634 33635
635 33660
636 33701
637 33761
638 33837
639 33931
640 34042
641 34169
642 34312
643 34470
644 34644
645 34833
646 35037
647 35254
648 35484
649 35727
650 35982
651 36248
652 36524
653 36811
654 37107
655 37411
656 37724
657 38043
658 38368
659 38698
660 39033
661 39372
662 39714
663 60000
664 60000
665 60000
666 60000
667 60000
668 60000
669 60000
670 60000
671 60000
672 60000
673 60000
674 60000
675 60000
676 60000
677 60000
678 60000
679 60000
680 60000
681 60000
682 60000
683 60000
684 60000
685 60000
686 60000
687 60000
688 60000
689 60000
690 60000
691 60000
692 60000
693 60000
694 60000
695 60000
696 60000
697 60000
698 60000
699 60000
700 60000
701 60000
702 60000
703 60000
704 60000
705 60000
706 60000
707 60000
708 60000
709 60000
710 60000
711 60000
712 60000
713 60000
714 60000
715 60000
716 60000
717 60000
718 60000
719 60000
720 60000
721 60000
722 60000
723 60000
724 60000
725 60000
726 60000
727 60000
728 60000
729 60000
730 60000
731 60000
732 60000
733 60000
734 60000
735 60000
736 60000
737 60000
738 60000
739 60000
740 60000
741 60000
742 60000
743 60000
744 60000
745 60000
746 60000
747 60000
748 60000
749 60000
750 60000
751 60000
752 60000
753 60000
754 60000
755 60000
756 60000
757 60000
758 60000
759 60000
760 60000
761 60000
762 60000
763 60000
764 60000
765 60000
766 60000
767 60000
768 60000
769 60000
770 60000
771 60000
772 60000
773 60000
774 60000
775 60000
776 60000
777 60000
778 60000
779 60000
780 60000
781 60000
782 60000
783 60000
784 60000
785 60000
786 60000
787 60000
788 60000
789 60000
790 60000
791 60000
792 60000
793 60000
794 60000
795 60000
796 60000
797 60000
798 60000
799 60000
800 60000
801 60000
802 60000
803 60000
804 60000
805 60000
806 60000
807 60000
808 60000
809 60000
810 60000
811 60000
812 60000
813 60000
814 60000
815 60000
816 60000
817 60000
818 60000
819 60000
820 60000
821 60000
822 60000
823 60000
824 60000
825 60000
826 60000
827 60000
828 60000
829 60000
830 60000
831 60000
832 60000
833 60000
834 60000
835 60000
836 60000
837 60000
838 60000
839 60000
840 60000
841 60000
842 60000
843 60000
844 60000
845 60000
846 60000
847 60000
848 60000
849 60000
850 60000
851 60000
852 60000
853 60000
854 60000
855 60000
856 60000
857 60000
858 60000
859 60000
860 60000
861 60000
862 60000
863 60000
864 60000
865 60000
866 60000
867 60000
868 60000
869 60000
870 60000
871 60000
872 60000
873 60000
874 60000
875 60000
876 60000
877 60000
878 60000
879 60000
880 60000
881 60000
882 60000
883 60000
884 60000
885 60000
886 60000
887 60000
888 60000
889 60000
890 60000
891 60000
892 60000
893 60000
894 60000
895 60000
896 60000
897 60000
898 60000
899 60000
900 60000
901 60000
902 60000
903 60000
904 60000
905 60000
906 60000
907 60000
908 60000
909 60000
910 60000
911 60000
912 60000
913 60000
914 60000
915 60000
916 60000
917 60000
918 60000
919 60000
920 60000
921 60000
922 60000
923 60000
924 60000
925 60000
926 60000
927 60000
928 60000
929 60000
930 60000
931 60000
932 60000
933 60000
934 60000
935 60000
936 60000
937 60000
938 60000
939 60000
940 60000
941 60000
942 60000
943 60000
944 60000
945 60000
946 60000
947 60000
948 60000
949 60000
950 60000
951 60000
952 60000
953 60000
954 60000
955 60000
956 60000
957 60000
958 60000
959 60000
960 60000
961 60000
962 60000
963 60000
964 60000
965 60000
966 60000
967 60000
968 60000
969 60000
970 60000
971 60000
972 60000
973 60000
974 60000
975 60000
976 60000
977 60000
978 60000
979 60000
980 60000
981 60000
982 60000
983 60000
984 60000
985 60000
986 60000
987 60000
988 60000
989 60000
990 60000
991 60000
992 60000
993 60000
994 60000
995 60000
996 60000
997 60000
998 60000
999 60000
1000 60000
1001 60000
1002 60000
1003 60000
1004 60000
1005 60000
1006 60000
1007 60000
1008 60000
1009 60000
1010 60000
1011 60000
1012 60000
1013 60000
1014 60000
1015 60000
1016 60000
1017 60000
1018 60000
1019 60000
1020 60000
1021 60000
1022 60000
1023 60000
1024 60000
1025 60000
1026 60000
1027 60000
1028 60000
1029 60000
1030 60000
1031 60000
1032 60000
1033 60000
1034 60000
1035 60000
1036 60000
1037 60000
1038 60000
1039 60000
1040 60000
1041 60000
1042 60000
1043 60000
1044 60000
1045 60000
1046 60000
1047 60000
1048 60000
1049 60000
1050 60000
1051 60000
1052 60000
1053 60000
1054 60000
1055 60000
1056 60000
1057 60000
1058 60000
1059 60000
1060 60000
1061 60000
1062 60000
1063 60000
1064 60000
1065 60000
1066 60000
1067 60000
1068 60000
1069 60000
1070 60000
1071 60000
1072 60000
1073 60000
1074 60000
1075 60000
1076 60000
1077 60000
1078 60000
1079 60000
1080 60000
1081 60000
1082 60000
1083 60000
1084 60000
1085 60000
1086 60000
1087 60000
1088 60000
1089 60000
1090 60000
1091 60000
1092 60000
1093 60000
1094 60000
1095 60000
