413 2213
414 2545
415 2878
416 3210
417 3542
418 3874
419 4206
420 4537
421 4867
422 5197
423 5527
424 5855
425 6182
426 6508
427 6833
428 7156
429 7478
430 7798
431 8117
432 8433
433 8748
434 9061
435 9372
436 9680
437 9987
438 10292
439 10594
440 10895
441 11193
442 11490
443 11785
444 12079
445 12371
446 12661
447 12951
448 13239
449 13527
450 13814
451 14100
452 14387
453 14674
454 14961
455 15249
456 15538
457 15829
458 16121
459 16415
460 16712
461 17011
462 17313
463 17618
464 17927
465 18239
466 18556
467 18878
468 19204
469 19535
470 19872
471 20214
472 20562
473 20917
474 21277
475 21644
476 22017
477 22397
478 22784
479 23178
480 23579
481 23987
482 24402
483 24824
484 25253
485 25689
486 26132
487 26582
488 27038
489 27501
490 27970
491 28446
492 28927
493 29413
494 29905
495 30402
496 30903
497 31409
498 31918
499 32432
500 32948
501 33467
502 33988
503 34511
504 35035
505 35560
506 36085
507 36610
508 37135
509 37658
510 38180
511 38699
512 39216
513 39730
514 40240
515 40745
516 41246
517 41742
518 42232
519 42716
520 43192
521 43662
522 44124
523 44578
524 45024
525 45460
526 45887
527 46305
528 46712
529 47108
530 47494
531 47868
532 48231
533 48582
534 48920
535 49246
536 49560
537 49860
538 50147
539 50421
540 50680
541 50926
542 51158
543 51376
544 51579
545 51768
546 51942
547 52101
548 52246
549 52375
550 52490
551 52589
552 52673
553 52743
554 52797
555 52836
556 52860
557 52868
558 52862
559 52841
560 52804
561 52753
562 52687
563 52607
564 52512
565 52402
566 52278
567 52140
568 51988
569 51823
570 51644
571 51451
572 51246
573 51027
574 50797
575 50554
576 50299
577 50032
578 49755
579 49466
580 49167
581 48858
582 48540
583 48212
584 47875
585 47531
586 47178
587 46819
588 46452
589 46080
590 45702
591 45319
592 44932
593 44542
594 44148
595 43752
596 43354
597 42955
598 42556
599 42157
600 41760
601 41364
602 40970
603 40580
604 40194
605 39813
606 39436
607 39067
608 38704
609 38348
610 38001
611 37663
612 37334
613 37016
614 36708
615 36413
616 36129
617 35858
618 35601
619 35357
620 35128
621 34914
622 34715
623 34531
624 34364
625 34214
626 34080
627 33963
628 33863
629 33781
630 33716
631 33669
632 33640
633 33629
634 33635
635 33660
636 33701
637 33761
638 33837
639 33931
640 34042
641 34169
642 34312
643 34470
644 34644
645 34833
646 35037
647 35254
648 35484
649 35727
650 35982
651 36248
652 36524
653 36811
654 37107
655 37411
656 37724
657 38043
658 38368
659 38698
660 39033
661 39372
662 39714
663 40057
664 40402
665 40748
666 41093
667 41437
668 41779
669 42119
670 42455
671 42787
672 43114
673 43436
674 43751
675 44059
676 44360
677 44653
678 44937
679 45212
680 45477
681 45732
682 45977
683 46210
684 46432
685 46642
686 46840
687 47026
688 47199
689 47359
690 47506
691 47640
692 47761
693 47869
694 47963
695 48044
696 48112
697 48167
698 48208
699 48237
700 48252
701 48255
702 48245
703 48223
704 48189
705 48143
706 48086
707 48018
708 47938
709 47849
710 47749
711 47639
712 47520
713 47392
714 47256
715 47111
716 46959
717 46799
718 46633
719 46460
720 46281
721 46096
722 45906
723 45712
724 45513
725 45310
726 45103
727 44894
728 44682
729 44467
730 44250
731 44031
732 43811
733 43589
734 43367
735 43144
736 42920
737 42696
738 42472
739 42247
740 42023
741 43471
742 43471
743 43471
744 43471
745 43471
746 43471
747 43471
748 43471
749 43471
750 43471
751 43471
752 43471
753 43471
754 43471
755 43471
756 43471
757 43471
758 43471
759 43471
760 43471
761 43471
762 43471
763 43471
764 43471
765 43471
766 43471
767 43471
768 43471
769 43471
770 43471
771 43471
772 43471
773 43471
774 43471
775 43471
776 43471
777 43471
778 43471
779 43471
780 43471
781 43471
782 43471
783 43471
784 43471
785 43471
786 43471
787 43471
788 43471
789 43471
790 43471
791 43471
792 43471
793 43471
794 43471
795 43471
796 43471
797 43471
798 43471
799 43471
800 43471
801 43471
802 43471
803 43471
804 43471
805 43471
806 43471
807 43471
808 43471
809 43471
810 43471
811 43471
812 43471
813 43471
814 43471
815 43471
816 43471
817 43471
818 43471
819 43471
820 43471
821 43471
822 43471
823 43471
824 43471
825 43471
826 43471
827 43471
828 43471
829 43471
830 43471
831 43471
832 43471
833 43471
834 43471
835 43471
836 43471
837 43471
838 43471
839 43471
840 43471
841 43471
842 43471
843 43471
844 43471
845 43471
846 43471
847 43471
848 43471
849 43471
850 43471
851 43471
852 43471
853 43471
854 43471
855 43471
856 43471
857 43471
858 43471
859 43471
860 43471
861 43471
862 43471
863 43471
864 43471
865 43471
866 43471
867 43471
868 43471
869 43471
870 43471
871 43471
872 43471
873 43471
874 43471
875 43471
876 43471
877 43471
878 43471
879 43471
880 43471
881 43471
882 43471
883 43471
884 43471
885 43471
886 43471
887 43471
888 43471
889 43471
890 43471
891 43471
892 43471
893 43471
894 43471
895 43471
896 43471
897 43471
898 43471
899 43471
900 43471
901 43471
902 43471
903 43471
904 43471
905 43471
906 43471
907 43471
908 43471
909 43471
910 43471
911 43471
912 43471
913 43471
914 43471
915 43471
916 43471
917 43471
918 43471
919 43471
920 43471
921 43471
922 43471
923 43471
924 43471
925 43471
926 43471
927 43471
928 43471
929 43471
930 43471
931 43471
932 43471
933 43471
934 43471
935 43471
936 43471
937 43471
938 43471
939 43471
940 43471
941 43471
942 43471
943 43471
944 43471
945 43471
946 43471
947 43471
948 43471
949 43471
950 43471
951 43471
952 43471
953 43471
954 43471
955 43471
956 43471
957 43471
958 43471
959 43471
960 43471
961 43471
962 43471
963 43471
964 43471
965 43471
966 43471
967 43471
968 43471
969 43471
970 43471
971 43471
972 43471
973 43471
974 43471
975 43471
976 43471
977 43471
978 43471
979 43471
980 43471
981 43471
982 43471
983 43471
984 43471
985 43471
986 43471
987 43471
988 43471
989 43471
990 43471
991 43471
992 43471
993 43471
994 43471
995 43471
996 43471
997 43471
998 43471
999 43471
1000 43471
1001 43471
1002 43471
1003 43471
1004 43471
1005 43471
1006 43471
1007 43471
1008 43471
1009 43471
1010 43471
1011 43471
1012 43471
1013 43471
1014 43471
1015 43471
1016 43471
1017 43471
1018 43471
1019 43471
1020 43471
1021 43471
1022 43471
1023 43471
1024 43471
1025 43471
1026 43471
1027 43471
1028 43471
1029 43471
1030 43471
1031 43471
1032 43471
1033 43471
1034 43471
1035 43471
1036 43471
1037 43471
1038 43471
1039 43471
1040 43471
1041 43471
1042 43471
1043 43471
1044 43471
1045 43471
1046 43471
1047 43471
1048 43471
1049 43471
1050 43471
1051 43471
1052 43471
1053 43471
1054 43471
1055 43471
1056 43471
1057 43471
1058 43471
1059 43471
1060 43471
1061 43471
1062 43471
1063 43471
1064 43471
1065 43471
1066 43471
1067 43471
1068 43471
1069 43471
1070 43471
1071 43471
1072 43471
1073 43471
1074 43471
1075 43471
1076 43471
1077 43471
1078 43471
1079 43471
1080 43471
1081 43471
1082 43471
1083 43471
1084 43471
1085 43471
1086 43471
1087 43471
1088 43471
1089 43471
1090 43471
1091 43471
1092 43471
1093 43471
1094 43471
1095 43471
