412 412 12582 2
418 418 12026 1
420 420 16218 2
425 425 39918 2
428 428 16446 2
432 432 133781 1
439 439 56136 2
440 440 12026 1
440 440 4857 1
445 445 54202 1
445 445 14004 2
447 447 72457 1
449 449 30918 2
449 449 76490 0
453 453 80131 1
455 455 31590 2
460 460 69030 2
464 464 58494 2
467 467 50247 1
468 468 93600 2
468 468 31590 2
476 476 127524 2
476 476 16302 2
480 480 155540 0
482 482 174919 1
484 484 116988 2
486 486 170016 1
491 491 40950 2
497 497 96126 1
497 497 8520 1
497 497 810 1
497 497 4436 1
497 497 16380 2
497 497 43290 2
497 497 23400 2
506 506 123110 1
506 506 23400 2
506 506 90090 2
506 506 35100 2
506 506 7020 2
506 506 8190 2
506 506 19890 2
506 506 726 2
510 510 79662 1
510 510 38020 1
510 510 17684 1
510 510 20000 1
510 510 40950 2
510 510 21060 2
510 510 26910 2
512 512 66690 2
518 518 91260 2
520 520 66690 2
520 520 42120 2
526 526 126360 2
526 526 160290 2
526 526 129914 1
532 532 98280 2
533 533 47970 2
536 536 76490 0
537 537 65100 0
538 538 76330 1
539 539 66690 2
540 540 133380 2
544 544 310600 1
545 545 126360 2
546 546 84228 2
547 547 315550 4
553 553 17550 2
558 558 155540 0
559 559 386930 1
561 561 45630 2
562 562 81440 1
567 567 35100 2
567 567 50310 2
573 573 524160 3
574 574 47500 1
575 575 78390 2
582 582 45500 3
583 583 5850 2
588 588 55500 0
588 588 195390 2
590 590 108200 0
596 596 116340 3
596 596 52422 2
603 603 90090 2
604 604 81440 1
609 609 117000 2
610 610 56300 0
616 616 45600 0
616 616 85992 0
616 616 74880 2
617 617 2463259 0
617 617 882521 4
617 617 1918583 3
617 617 8394852 2
617 617 6340788 1
