0 173 0 1.0000
173 174 0 2.3393
174 175 0 2.1613
175 176 0 1.6416
176 177 0 1.8325
177 178 0 2.4072
178 179 0 2.1060
179 180 0 2.1712
180 181 0 2.0104
181 182 0 1.9865
182 183 0 2.4101
183 184 0 1.8917
184 185 0 1.7686
185 186 0 1.6554
186 187 0 1.6211
187 188 0 1.5634
188 189 0 1.5390
189 190 0 1.5054
190 191 0 1.6583
191 192 0 1.6786
192 193 0 1.6620
193 194 0 1.7028
194 195 0 1.9421
195 196 0 1.9225
196 197 0 2.2737
197 198 0 1.8153
198 199 0 1.6351
199 200 0 1.7652
200 201 0 1.6569
201 202 0 1.4379
202 203 0 1.6500
203 204 0 1.4357
204 205 0 1.6569
205 206 0 1.7443
206 207 0 1.2750
207 208 0 1.1156
208 209 0 1.0269
209 210 0 0.8938
210 211 0 0.9251
211 212 0 0.9875
212 213 0 0.9643
213 214 0 1.0953
214 215 0 1.1344
215 216 0 1.2336
216 217 0 1.2413
217 218 0 1.2596
218 219 0 1.2029
219 220 0 1.2396
220 221 0 1.2369
221 222 0 1.2800
222 223 0 1.3395
223 224 0 1.3472
224 225 0 1.3903
225 226 0 1.4474
226 227 0 1.4108
227 228 0 1.5232
228 229 0 1.4070
229 230 0 1.3717
230 231 0 1.3703
231 232 0 1.3399
232 233 0 1.3460
233 234 0 1.2835
234 235 0 1.1279
235 236 0 1.3177
236 237 0 1.3255
237 238 0 1.3469
238 239 0 1.2958
239 240 0 1.3220
240 241 0 1.3328
241 242 0 1.3768
242 243 0 1.2725
243 244 0 1.2950
244 245 0 1.2540
245 246 0 1.2671
246 247 0 1.1856
247 248 0 1.1938
248 249 0 1.3009
249 250 0 1.3146
250 251 0 1.2631
251 252 0 1.2723
252 253 0 1.3486
253 254 0 1.5462
254 255 0 1.4468
255 256 0 1.3814
256 257 0 1.3599
257 258 0 1.3739
258 259 0 1.3618
259 260 0 1.4711
260 261 0 1.2987
261 262 0 1.5761
262 263 0 1.5437
263 264 0 1.7392
264 265 0 1.7328
265 266 0 1.8116
266 267 0 1.6666
267 268 0 1.8228
268 269 0 1.5007
269 270 0 1.4539
270 271 0 1.2249
271 272 0 1.3663
272 273 0 1.3902
273 274 0 1.2815
274 275 0 1.2973
275 276 0 1.5092
276 277 0 1.4533
277 278 0 1.7114
278 279 0 1.4697
279 280 0 1.5487
280 281 0 1.6135
281 282 0 1.3060
282 283 0 1.2488
283 284 0 1.3336
284 285 0 1.2760
285 286 0 1.3453
286 287 0 1.3437
287 288 0 1.4640
288 289 0 1.6779
289 290 0 1.5052
290 291 0 1.5427
291 292 0 1.5086
292 293 0 1.5292
293 294 0 1.6020
294 295 0 1.5063
295 296 0 1.5457
296 297 0 1.7002
297 298 0 1.5711
298 299 0 1.5116
299 300 0 1.4705
300 301 0 1.3797
301 302 0 1.3131
302 303 0 1.2535
303 304 0 1.1590
304 305 0 1.3729
305 306 0 1.4244
306 307 0 1.4228
307 308 0 1.4547
308 309 0 1.8196
309 310 0 1.7982
310 311 0 1.4447
311 312 0 1.5770
312 313 0 1.4736
313 314 0 1.5773
314 315 0 1.5773
315 316 0 1.5741
316 317 0 1.7053
317 318 0 1.4385
318 319 0 1.4184
319 320 0 1.5285
320 321 0 1.4042
321 322 0 1.5235
322 323 0 1.5861
323 324 0 1.4871
324 325 0 1.7035
325 326 0 1.6939
326 327 0 1.7871
327 328 0 1.6593
328 329 0 1.7251
329 330 0 1.5332
330 331 0 1.4813
331 332 0 1.4173
332 333 0 1.5044
333 334 0 1.4870
334 335 0 1.6398
335 336 0 1.4941
336 337 0 1.6187
337 338 0 1.6587
338 339 0 2.0248
339 340 0 1.5894
340 341 0 1.5385
341 342 0 1.4601
342 343 0 1.4288
343 344 0 1.4235
344 345 0 1.3531
345 346 0 1.3370
346 347 0 1.4411
347 348 0 1.4531
348 349 0 1.3425
349 350 0 1.4713
350 351 0 1.4141
351 352 0 1.6325
352 353 0 1.3722
353 354 0 1.4633
354 355 0 1.3706
355 356 0 1.4625
356 357 0 1.3524
357 358 0 1.4204
358 359 0 1.2534
359 360 0 1.3689
360 361 0 1.3273
361 362 0 1.3375
362 363 0 1.3240
363 364 0 1.3139
364 365 0 1.2926
365 366 0 1.3065
366 367 0 1.2549
367 368 0 1.2650
368 369 0 1.2387
369 370 0 1.2366
370 371 0 1.2691
371 372 0 1.2821
372 373 0 1.3847
373 374 0 1.5470
374 375 0 1.5381
375 376 0 1.6737
376 377 0 1.7459
377 378 0 1.6630
378 379 0 1.6331
379 380 0 1.5503
380 381 0 1.4356
381 382 0 1.3946
382 383 0 1.3621
383 384 0 1.3793
384 385 0 1.3928
385 386 0 1.4500
386 387 0 1.4353
387 388 0 1.4879
388 389 0 1.4813
389 390 0 1.5205
390 391 0 1.5460
391 392 0 1.5453
392 393 0 1.4534
393 394 0 1.4904
394 395 0 1.4394
395 396 0 1.4273
396 397 0 1.3796
397 398 0 1.3301
398 399 0 1.3041
399 400 0 1.2964
400 401 0 1.2223
401 402 0 1.2647
402 403 0 1.2931
403 404 0 1.3329
404 405 0 1.3397
405 406 0 1.3631
406 407 0 1.4242
407 408 0 1.4818
408 409 0 1.5551
409 410 0 1.5482
410 411 0 1.4830
411 412 0 1.5129
412 413 0 1.5596
413 414 0 1.5193
414 415 0 1.4860
415 416 0 1.4945
416 417 0 1.4143
417 418 0 1.5698
418 419 0 1.6045
419 420 0 1.5806
420 421 0 1.6158
421 422 0 1.6998
422 423 0 1.7247
423 424 0 2.0236
424 425 0 1.8809
425 426 0 2.0620
426 427 0 2.0138
427 428 0 2.0524
428 429 0 2.2498
429 430 0 1.8885
430 431 0 1.7452
431 432 0 1.7874
432 433 0 1.6057
433 434 0 1.6223
434 435 0 1.3883
435 436 0 1.5022
436 437 0 1.5727
437 438 0 1.6691
438 439 0 1.5176
439 440 0 1.5820
440 441 0 1.7604
441 442 0 2.1176
442 443 0 1.8578
443 444 0 2.0894
444 445 0 2.0370
445 446 0 2.4655
446 447 0 2.3874
447 448 0 2.2214
448 449 0 2.2958
449 450 0 1.9827
450 451 0 1.8754
451 452 0 1.8967
452 453 0 1.6214
453 454 0 1.6187
454 455 0 1.7072
455 456 0 1.7602
456 457 0 2.1032
457 458 0 2.1242
458 459 0 2.0959
459 460 0 2.2750
460 461 0 2.4275
461 462 0 2.0739
462 463 0 2.1679
463 464 0 1.9962
464 465 0 1.8569
465 466 0 1.7221
466 467 0 1.6415
467 468 0 1.4954
468 469 0 1.5426
469 470 0 1.4799
470 471 0 1.4724
471 472 0 1.4206
472 473 0 1.4580
473 474 0 1.5603
474 475 0 1.6046
475 476 0 1.5486
476 477 0 1.5231
477 478 0 1.4672
478 479 0 1.4728
479 480 0 1.3917
480 481 0 1.3029
481 482 0 1.2248
482 483 0 1.1970
483 484 0 1.1363
484 485 0 1.1477
485 486 0 1.1523
486 487 0 1.2172
487 488 0 1.2311
488 489 0 1.2523
489 490 0 1.2671
490 491 0 1.2830
491 492 0 1.2705
492 493 0 1.2502
493 494 0 1.1800
494 495 0 1.1986
495 496 0 1.2381
496 497 0 1.1707
497 498 0 1.1751
498 499 0 1.1384
499 864 0 1.0000
0 173 1 1.0000
173 174 1 2.3393
174 175 1 2.1613
175 176 1 1.6416
176 177 1 1.8325
177 178 1 2.4072
178 179 1 2.1060
179 180 1 2.1712
180 181 1 2.0104
181 182 1 1.9865
182 183 1 2.4101
183 184 1 1.8917
184 185 1 1.7686
185 186 1 1.6554
186 187 1 1.6211
187 188 1 1.5634
188 189 1 1.5390
189 190 1 1.5054
190 191 1 1.6583
191 192 1 1.6786
192 193 1 1.6620
193 194 1 1.7028
194 195 1 1.9421
195 196 1 1.9225
196 197 1 2.2737
197 198 1 1.8153
198 199 1 1.6351
199 200 1 1.7652
200 201 1 1.6569
201 202 1 1.4379
202 203 1 1.6500
203 204 1 1.4357
204 205 1 1.6569
205 206 1 1.7443
206 207 1 1.2750
207 208 1 1.1156
208 209 1 1.0269
209 210 1 0.8938
210 211 1 0.9251
211 212 1 0.9875
212 213 1 0.9643
213 214 1 1.0953
214 215 1 1.1344
215 216 1 1.2336
216 217 1 1.2413
217 218 1 1.2596
218 219 1 1.2029
219 220 1 1.2396
220 221 1 1.2369
221 222 1 1.2800
222 223 1 1.3395
223 224 1 1.3472
224 225 1 1.3903
225 226 1 1.4474
226 227 1 1.4108
227 228 1 1.5232
228 229 1 1.4070
229 230 1 1.3717
230 231 1 1.3703
231 232 1 1.3399
232 233 1 1.3460
233 234 1 1.2835
234 235 1 1.1279
235 236 1 1.3177
236 237 1 1.3255
237 238 1 1.3469
238 239 1 1.2958
239 240 1 1.3220
240 241 1 1.3328
241 242 1 1.3768
242 243 1 1.2725
243 244 1 1.2950
244 245 1 1.2540
245 246 1 1.2671
246 247 1 1.1856
247 248 1 1.1938
248 249 1 1.3009
249 250 1 1.3146
250 251 1 1.2631
251 252 1 1.2723
252 253 1 1.3486
253 254 1 1.5462
254 255 1 1.4468
255 256 1 1.3814
256 257 1 1.3599
257 258 1 1.3739
258 259 1 1.3618
259 260 1 1.4711
260 261 1 1.2987
261 262 1 1.5761
262 263 1 1.5437
263 264 1 1.7392
264 265 1 1.7328
265 266 1 1.8116
266 267 1 1.6666
267 268 1 1.8228
268 269 1 1.5007
269 270 1 1.4539
270 271 1 1.2249
271 272 1 1.3663
272 273 1 1.3902
273 274 1 1.2815
274 275 1 1.2973
275 276 1 1.5092
276 277 1 1.4533
277 278 1 1.7114
278 279 1 1.4697
279 280 1 1.5487
280 281 1 1.6135
281 282 1 1.3060
282 283 1 1.2488
283 284 1 1.3336
284 285 1 1.2760
285 286 1 1.3453
286 287 1 1.3437
287 288 1 1.4640
288 289 1 1.6779
289 290 1 1.5052
290 291 1 1.5427
291 292 1 1.5086
292 293 1 1.5292
293 294 1 1.6020
294 295 1 1.5063
295 296 1 1.5457
296 297 1 1.7002
297 298 1 1.5711
298 299 1 1.5116
299 300 1 1.4705
300 301 1 1.3797
301 302 1 1.3131
302 303 1 1.2535
303 304 1 1.1590
304 305 1 1.3729
305 306 1 1.4244
306 307 1 1.4228
307 308 1 1.4547
308 309 1 1.8196
309 310 1 1.7982
310 311 1 1.4447
311 312 1 1.5770
312 313 1 1.4736
313 314 1 1.5773
314 315 1 1.5773
315 316 1 1.5741
316 317 1 1.7053
317 318 1 1.4385
318 319 1 1.4184
319 320 1 1.5285
320 321 1 1.4042
321 322 1 1.5235
322 323 1 1.5861
323 324 1 1.4871
324 325 1 1.7035
325 326 1 1.6939
326 327 1 1.7871
327 328 1 1.6593
328 329 1 1.7251
329 330 1 1.5332
330 331 1 1.4813
331 332 1 1.4173
332 333 1 1.5044
333 334 1 1.4870
334 335 1 1.6398
335 336 1 1.4941
336 337 1 1.6187
337 338 1 1.6587
338 339 1 2.0248
339 340 1 1.5894
340 341 1 1.5385
341 342 1 1.4601
342 343 1 1.4288
343 344 1 1.4235
344 345 1 1.3531
345 346 1 1.3370
346 347 1 1.4411
347 348 1 1.4531
348 349 1 1.3425
349 350 1 1.4713
350 351 1 1.4141
351 352 1 1.6325
352 353 1 1.3722
353 354 1 1.4633
354 355 1 1.3706
355 356 1 1.4625
356 357 1 1.3524
357 358 1 1.4204
358 359 1 1.2534
359 360 1 1.3689
360 361 1 1.3273
361 362 1 1.3375
362 363 1 1.3240
363 364 1 1.3139
364 365 1 1.2926
365 366 1 1.3065
366 367 1 1.2549
367 368 1 1.2650
368 369 1 1.2387
369 370 1 1.2366
370 371 1 1.2691
371 372 1 1.2821
372 373 1 1.3847
373 374 1 1.5470
374 375 1 1.5381
375 376 1 1.6737
376 377 1 1.7459
377 378 1 1.6630
378 379 1 1.6331
379 380 1 1.5503
380 381 1 1.4356
381 382 1 1.3946
382 383 1 1.3621
383 384 1 1.3793
384 385 1 1.3928
385 386 1 1.4500
386 387 1 1.4353
387 388 1 1.4879
388 389 1 1.4813
389 390 1 1.5205
390 391 1 1.5460
391 392 1 1.5453
392 393 1 1.4534
393 394 1 1.4904
394 395 1 1.4394
395 396 1 1.4273
396 397 1 1.3796
397 398 1 1.3301
398 399 1 1.3041
399 400 1 1.2964
400 401 1 1.2223
401 402 1 1.2647
402 403 1 1.2931
403 404 1 1.3329
404 405 1 1.3397
405 406 1 1.3631
406 407 1 1.4242
407 408 1 1.4818
408 409 1 1.5551
409 410 1 1.5482
410 411 1 1.4830
411 412 1 1.5129
412 413 1 1.5596
413 414 1 1.5193
414 415 1 1.4860
415 416 1 1.4945
416 417 1 1.4143
417 418 1 1.5698
418 419 1 1.6045
419 420 1 1.5806
420 421 1 1.6158
421 422 1 1.6998
422 423 1 1.7247
423 424 1 2.0236
424 425 1 1.8809
425 426 1 2.0620
426 427 1 2.0138
427 428 1 2.0524
428 429 1 2.2498
429 430 1 1.8885
430 431 1 1.7452
431 432 1 1.7874
432 433 1 1.6057
433 434 1 1.6223
434 435 1 1.3883
435 436 1 1.5022
436 437 1 1.5727
437 438 1 1.6691
438 439 1 1.5176
439 440 1 1.5820
440 441 1 1.7604
441 442 1 2.1176
442 443 1 1.8578
443 444 1 2.0894
444 445 1 2.0370
445 446 1 2.4655
446 447 1 2.3874
447 448 1 2.2214
448 449 1 2.2958
449 450 1 1.9827
450 451 1 1.8754
451 452 1 1.8967
452 453 1 1.6214
453 454 1 1.6187
454 455 1 1.7072
455 456 1 1.7602
456 457 1 2.1032
457 458 1 2.1242
458 459 1 2.0959
459 460 1 2.2750
460 461 1 2.4275
461 462 1 2.0739
462 463 1 2.1679
463 464 1 1.9962
464 465 1 1.8569
465 466 1 1.7221
466 467 1 1.6415
467 468 1 1.4954
468 469 1 1.5426
469 470 1 1.4799
470 471 1 1.4724
471 472 1 1.4206
472 473 1 1.4580
473 474 1 1.5603
474 475 1 1.6046
475 476 1 1.5486
476 477 1 1.5231
477 478 1 1.4672
478 479 1 1.4728
479 480 1 1.3917
480 481 1 1.3029
481 482 1 1.2248
482 483 1 1.1970
483 484 1 1.1363
484 485 1 1.1477
485 486 1 1.1523
486 487 1 1.2172
487 488 1 1.2311
488 489 1 1.2523
489 490 1 1.2671
490 491 1 1.2830
491 492 1 1.2705
492 493 1 1.2502
493 494 1 1.1800
494 495 1 1.1986
495 496 1 1.2381
496 497 1 1.1707
497 498 1 1.1751
498 499 1 1.1384
499 864 1 1.0000
